11165.41000000
11600.00000000
10802.00000000
11579.00000000
4663.42456200
11571.03000000
11853.00000000
11447.68000000
11699.99000000
5550.73205500
11699.99000000
13615.23000000
11665.58000000
13550.05000000
6707.94631900
13541.01000000
16649.96000000
13050.00000000
16599.00000000
7487.06569500
16599.00000000
17204.99000000
14015.00000000
15880.00000000
17589.01313600
15880.01000000
16269.30000000
12535.00000000
14656.07000000
13918.75868700
14664.01000000
15720.12000000
12368.00000000
14899.98000000
16553.03717300
14946.26000000
17470.00000000
14901.08000000
16587.97000000
11820.40176200
16587.97000000
16976.45000000
15875.00000000
16349.99000000
9436.80241100
16349.99000000
16546.00000000
14666.56000000
16033.29000000
12416.32880100
16030.34000000
16445.00000000
15450.00000000
16334.98000000
11616.86715100
16334.98000000
17991.00000000
16298.45000000
17539.83000000
9181.27394700
17516.81000000
19539.00000000
17190.01000000
19102.66000000
4202.62870900
19120.19000000
19798.68000000
18510.00000000
18860.02000000
9177.18343400
18860.04000000
19300.00000000
17029.98000000
18856.25000000
10624.63307100
18856.25000000
18950.00000000
16300.00000000
17295.20000000
13210.74822000
17295.20000000
17720.35000000
14777.66000000
16488.98000000
13450.49669300
16480.52000000
17309.50000000
14022.00000000
15492.64000000
20324.21730000
15514.03000000
15699.34000000
10961.00000000
13326.61000000
36076.27117500
13326.61000000
14950.00000000
12978.18000000
13300.00000000
13141.53887500
13300.00000000
13819.99000000
11640.00000000
13500.00000000
28557.53498800
13500.00000000
14300.00000000
12708.00000000
13699.34000000
15748.20760700
13699.34000000
16050.00000000
13533.00000000
15689.01000000
15034.66810400
15709.98000000
16498.05000000
14200.15000000
15459.99000000
14959.86472300
15459.97000000
15539.99000000
13150.00000000
14182.11000000
21717.85801400
14199.14000000
14981.00000000
13850.00000000
14378.90000000
18072.00811600
14378.99000000
14398.85000000
11750.00000000
12440.01000000
19221.15803900
12345.10000000
14050.11000000
12149.98000000
13716.36000000
11768.98971800
13715.65000000
13818.55000000
12750.00000000
13380.00000000
8609.91584400
13382.16000000
15473.49000000
12890.02000000
14675.11000000
20078.09211100
14690.00000000
15307.56000000
14150.00000000
14919.51000000
15905.66763900
14919.51000000
15280.00000000
13918.04000000
15059.54000000
21329.64957400
15059.56000000
17176.24000000
14600.00000000
16960.39000000
23251.49112500
16960.39000000
17143.13000000
16011.21000000
17069.79000000
18571.45750800
17069.79000000
17099.96000000
15610.00000000
16150.03000000
12493.12555800
16218.85000000
16322.30000000
12812.00000000
14902.54000000
26600.60991200
14902.54000000
15500.00000000
14011.05000000
14400.00000000
14315.00425300
14401.00000000
14955.66000000
13131.31000000
14907.09000000
17411.00165500
14940.00000000
14968.68000000
11400.00000000
13238.78000000
33554.72375100
13238.76000000
14109.78000000
12500.00000000
13740.01000000
16417.16213700
13749.95000000
14580.00000000
13706.15000000
14210.00000000
12221.50852800
14210.00000000
14339.50000000
12569.20000000
13474.99000000
17017.89432900
13477.98000000
14249.99000000
13147.79000000
13539.93000000
14652.09470500
13500.00000000
13542.93000000
9035.00000000
10900.00000000
63401.16917500
10899.99000000
11680.99000000
9037.94000000
10988.79000000
72331.79664600
10972.59000000
11878.82000000
10435.33000000
10961.97000000
48464.43493700
10960.00000000
11795.00000000
10360.00000000
11474.98000000
34129.37542100
11474.98000000
13099.00000000
11412.45000000
12799.94000000
28768.85782700
12799.80000000
12799.80000000
10965.00000000
11530.00000000
41379.77342600
11530.00000000
11926.35000000
9900.24000000
10760.05000000
43752.60679100
10760.05000000
11399.00000000
9905.00000000
10799.18000000
37473.92255200
10799.14000000
11570.48000000
10500.00000000
11349.99000000
27158.58776200
11349.96000000
11794.05000000
10950.21000000
11175.27000000
20839.95418300
11184.70000000
11643.00000000
10311.15000000
11089.00000000
33056.87196000
11089.00000000
11650.00000000
10842.69000000
11491.00000000
18860.76834500
11499.98000000
12244.00000000
11408.00000000
11879.95000000
16887.33952400
11879.95000000
11975.02000000
11139.55000000
11251.00000000
14170.37753800
11250.11000000
11308.42000000
9900.00000000
10237.51000000
25554.37294600
10230.00000000
10425.85000000
9700.00000000
10285.10000000
18015.95680500
10285.10000000
10335.00000000
8750.99000000
9224.52000000
33564.76431100
9224.52000000
9250.00000000
8010.02000000
8873.03000000
49971.62697500
8873.03000000
9473.01000000
8229.00000000
9199.96000000
28725.00073500
9199.96000000
9368.00000000
7930.00000000
8184.81000000
32014.30844900
8179.99000000
8382.80000000
6625.00000000
6939.99000000
63403.18257900
6939.63000000
7878.00000000
6000.01000000
7652.14000000
100201.50030700
7655.02000000
8476.00000000
7150.01000000
7599.00000000
60778.46049700
7599.00000000
7844.00000000
7572.09000000
7784.02000000
1521.53731800
7789.90000000
8738.00000000
7789.90000000
8683.92000000
20482.91082500
8683.93000000
9065.78000000
8120.00000000
8533.98000000
49381.51265300
8533.99000000
8549.00000000
7726.53000000
8063.88000000
45025.18795200
8063.82000000
8989.00000000
8053.00000000
8903.00000000
41987.85049000
8903.00000000
8950.00000000
8351.00000000
8539.90000000
35454.97295600
8535.17000000
9489.60000000
8533.00000000
9449.99000000
40811.95286700
9449.98000000
10219.50000000
9301.50000000
10000.09000000
52427.59671500
10000.89000000
10323.37000000
9666.00000000
10159.98000000
38161.20597400
10156.07000000
11075.07000000
10050.00000000
11039.55000000
41882.10840700
11039.55000000
11274.00000000
10080.00000000
10383.43000000
61137.38072800
10375.01000000
11250.00000000
10270.33000000
11153.00000000
40831.41713100
11147.11000000
11786.01000000
11100.59000000
11200.99000000
48153.35428800
11195.07000000
11304.03000000
10200.00000000
10437.60000000
68113.81875400
10439.02000000
10933.44000000
9679.00000000
9811.04000000
67060.16648300
9815.55000000
10435.00000000
9570.19000000
10131.04000000
57202.70237000
10131.04000000
10496.97000000
9352.00000000
9694.51000000
40888.15629900
9694.51000000
9847.00000000
9274.80000000
9590.00000000
28373.51758600
9590.00000000
10444.32000000
9350.00000000
10324.00000000
34878.29275600
10321.00000000
10870.00000000
10121.00000000
10569.04000000
30705.38512300
10584.33000000
11098.00000000
10300.00000000
10326.76000000
30800.98378200
10325.64000000
11060.41000000
10240.00000000
10920.00000000
25092.55393000
10923.36000000
11200.00000000
10770.00000000
11039.00000000
23910.71009000
11038.99000000
11544.00000000
11015.01000000
11464.48000000
21287.15328000
11464.47000000
11565.00000000
11050.02000000
11515.00000000
17295.91865300
11515.00000000
11710.00000000
11415.01000000
11454.00000000
15144.23106300
11455.00000000
11455.00000000
10555.48000000
10716.48000000
29515.57236300
10716.48000000
10899.00000000
9389.31000000
9910.00000000
50647.67108000
9910.00000000
10099.00000000
9060.00000000
9271.64000000
41109.47322600
9267.07000000
9410.00000000
8329.00000000
9227.00000000
64112.29140700
9230.00000000
9490.00000000
8667.07000000
8770.22000000
37180.01285700
8770.22000000
9740.00000000
8450.00000000
9533.57000000
44325.97338600
9533.57000000
9888.88000000
8780.00000000
9131.34000000
42230.77793000
9131.34000000
9474.00000000
8823.00000000
9150.00000000
40191.40935800
9151.92000000
9333.78000000
7900.28000000
8170.00000000
49708.09410800
8184.01000000
8430.00000000
7650.00000000
8240.98000000
52291.02227700
8240.98000000
8611.64000000
7900.00000000
8260.00000000
38815.40989300
8260.00000000
8348.62000000
7721.99000000
7824.80000000
33110.20632900
7824.01000000
8317.40000000
7322.00000000
8189.99000000
59488.23171100
8189.00000000
8705.23000000
8088.40000000
8600.00000000
55297.08494200
8595.01000000
9050.00000000
8280.00000000
8909.98000000
44865.10583500
8909.96000000
9177.01000000
8750.60000000
8885.00000000
39972.40537100
8884.82000000
9100.00000000
8465.10000000
8722.90000000
40617.55680900
8720.00000000
8909.00000000
8269.00000000
8898.03000000
39991.00766600
8898.04000000
8999.95000000
8491.00000000
8546.86000000
35466.60957200
8531.25000000
8669.85000000
8365.77000000
8470.15000000
29001.76931600
8470.14000000
8514.89000000
7831.00000000
8134.23000000
44033.59566000
8134.22000000
8215.94000000
7730.00000000
7795.51000000
37427.64805000
7795.51000000
8109.00000000
7728.00000000
7949.30000000
26401.33167000
7949.30000000
7975.00000000
6941.11000000
7090.14000000
54620.91512500
7090.16000000
7292.43000000
6600.10000000
6840.23000000
65306.03197600
6840.24000000
7223.36000000
6777.00000000
6923.91000000
36868.53908700
6922.00000000
7049.98000000
6430.00000000
6813.01000000
44071.43046300
6813.01000000
7125.00000000
6765.00000000
7056.00000000
32123.56007200
7063.97000000
7520.00000000
7011.01000000
7405.21000000
37787.33181100
7405.21000000
7427.52000000
6707.00000000
6796.10000000
42227.18380400
6796.10000000
6902.00000000
6566.69000000
6770.76000000
39029.73146000
6770.00000000
6850.00000000
6500.00000000
6601.39000000
27455.01192000
6601.39000000
7070.00000000
6586.28000000
6895.80000000
32269.57826700
6895.81000000
7109.13000000
6880.00000000
7018.00000000
21427.67316500
7011.04000000
7185.00000000
6611.00000000
6782.72000000
34078.29720600
6781.55000000
6890.00000000
6656.00000000
6843.90000000
22326.72809500
6839.56000000
6990.00000000
6787.00000000
6953.79000000
23997.87117700
6953.78000000
8012.23000000
6743.20000000
7923.00000000
64861.59598700
