11250.11000000
11308.42000000
9900.00000000
10237.51000000
25554.37294600
10230.00000000
10425.85000000
9700.00000000
10285.10000000
18015.95680500
10285.10000000
10335.00000000
8750.99000000
9224.52000000
33564.76431100
9224.52000000
9250.00000000
8010.02000000
8873.03000000
49971.62697500
8873.03000000
9473.01000000
8229.00000000
9199.96000000
28725.00073500
9199.96000000
9368.00000000
7930.00000000
8184.81000000
32014.30844900
8179.99000000
8382.80000000
6625.00000000
6939.99000000
63403.18257900
6939.63000000
7878.00000000
6000.01000000
7652.14000000
100201.50030700
7655.02000000
8476.00000000
7150.01000000
7599.00000000
60778.46049700
7599.00000000
7844.00000000
7572.09000000
7784.02000000
1521.53731800
7789.90000000
8738.00000000
7789.90000000
8683.92000000
20482.91082500
8683.93000000
9065.78000000
8120.00000000
8533.98000000
49381.51265300
8533.99000000
8549.00000000
7726.53000000
8063.88000000
45025.18795200
8063.82000000
8989.00000000
8053.00000000
8903.00000000
41987.85049000
8903.00000000
8950.00000000
8351.00000000
8539.90000000
35454.97295600
8535.17000000
9489.60000000
8533.00000000
9449.99000000
40811.95286700
9449.98000000
10219.50000000
9301.50000000
10000.09000000
52427.59671500
10000.89000000
10323.37000000
9666.00000000
10159.98000000
38161.20597400
10156.07000000
11075.07000000
10050.00000000
11039.55000000
41882.10840700
11039.55000000
11274.00000000
10080.00000000
10383.43000000
61137.38072800
10375.01000000
11250.00000000
10270.33000000
11153.00000000
40831.41713100
11147.11000000
11786.01000000
11100.59000000
11200.99000000
48153.35428800
11195.07000000
11304.03000000
10200.00000000
10437.60000000
68113.81875400
10439.02000000
10933.44000000
9679.00000000
9811.04000000
67060.16648300
9815.55000000
10435.00000000
9570.19000000
10131.04000000
57202.70237000
10131.04000000
10496.97000000
9352.00000000
9694.51000000
40888.15629900
9694.51000000
9847.00000000
9274.80000000
9590.00000000
28373.51758600
9590.00000000
10444.32000000
9350.00000000
10324.00000000
34878.29275600
10321.00000000
10870.00000000
10121.00000000
10569.04000000
30705.38512300
10584.33000000
11098.00000000
10300.00000000
10326.76000000
30800.98378200
10325.64000000
11060.41000000
10240.00000000
10920.00000000
25092.55393000
10923.36000000
11200.00000000
10770.00000000
11039.00000000
23910.71009000
11038.99000000
11544.00000000
11015.01000000
11464.48000000
21287.15328000
11464.47000000
11565.00000000
11050.02000000
11515.00000000
17295.91865300
11515.00000000
11710.00000000
11415.01000000
11454.00000000
15144.23106300
11455.00000000
11455.00000000
10555.48000000
10716.48000000
29515.57236300
10716.48000000
10899.00000000
9389.31000000
9910.00000000
50647.67108000
9910.00000000
10099.00000000
9060.00000000
9271.64000000
41109.47322600
9267.07000000
9410.00000000
8329.00000000
9227.00000000
64112.29140700
9230.00000000
9490.00000000
8667.07000000
8770.22000000
37180.01285700
8770.22000000
9740.00000000
8450.00000000
9533.57000000
44325.97338600
9533.57000000
9888.88000000
8780.00000000
9131.34000000
42230.77793000
9131.34000000
9474.00000000
8823.00000000
9150.00000000
40191.40935800
9151.92000000
9333.78000000
7900.28000000
8170.00000000
49708.09410800
8184.01000000
8430.00000000
7650.00000000
8240.98000000
52291.02227700
8240.98000000
8611.64000000
7900.00000000
8260.00000000
38815.40989300
8260.00000000
8348.62000000
7721.99000000
7824.80000000
33110.20632900
7824.01000000
8317.40000000
7322.00000000
8189.99000000
59488.23171100
8189.00000000
8705.23000000
8088.40000000
8600.00000000
55297.08494200
8595.01000000
9050.00000000
8280.00000000
8909.98000000
44865.10583500
8909.96000000
9177.01000000
8750.60000000
8885.00000000
39972.40537100
8884.82000000
9100.00000000
8465.10000000
8722.90000000
40617.55680900
8720.00000000
8909.00000000
8269.00000000
8898.03000000
39991.00766600
8898.04000000
8999.95000000
8491.00000000
8546.86000000
35466.60957200
8531.25000000
8669.85000000
8365.77000000
8470.15000000
29001.76931600
8470.14000000
8514.89000000
7831.00000000
8134.23000000
44033.59566000
8134.22000000
8215.94000000
7730.00000000
7795.51000000
37427.64805000
7795.51000000
8109.00000000
7728.00000000
7949.30000000
26401.33167000
7949.30000000
7975.00000000
6941.11000000
7090.14000000
54620.91512500
7090.16000000
7292.43000000
6600.10000000
6840.23000000
65306.03197600
6840.24000000
7223.36000000
6777.00000000
6923.91000000
36868.53908700
6922.00000000
7049.98000000
6430.00000000
6813.01000000
44071.43046300
6813.01000000
7125.00000000
6765.00000000
7056.00000000
32123.56007200
7063.97000000
7520.00000000
7011.01000000
7405.21000000
37787.33181100
7405.21000000
7427.52000000
6707.00000000
6796.10000000
42227.18380400
6796.10000000
6902.00000000
6566.69000000
6770.76000000
39029.73146000
6770.00000000
6850.00000000
6500.00000000
6601.39000000
27455.01192000
6601.39000000
7070.00000000
6586.28000000
6895.80000000
32269.57826700
6895.81000000
7109.13000000
6880.00000000
7018.00000000
21427.67316500
7011.04000000
7185.00000000
6611.00000000
6782.72000000
34078.29720600
6781.55000000
6890.00000000
6656.00000000
6843.90000000
22326.72809500
6839.56000000
6990.00000000
6787.00000000
6953.79000000
23997.87117700
6953.78000000
8012.23000000
6743.20000000
7923.00000000
64861.59598700
7922.99000000
8233.39000000
7732.00000000
7877.41000000
55044.52314800
7877.48000000
8186.00000000
7810.00000000
7999.01000000
31621.28635700
8004.00000000
8429.54000000
7999.02000000
8355.00000000
27946.72044400
8355.07000000
8419.00000000
7867.00000000
8064.92000000
36664.06971500
8064.92000000
8173.70000000
7825.40000000
7885.02000000
32152.60356700
7890.96000000
8236.43000000
7868.00000000
8173.00000000
26969.04457000
8173.99000000
8296.00000000
8080.00000000
8278.00000000
27113.84746400
8273.84000000
8930.00000000
8177.09000000
8856.98000000
39795.33748500
8852.12000000
9035.00000000
8565.00000000
8915.31000000
40872.22990900
8915.31000000
9020.67000000
8727.68000000
8787.02000000
29458.25348000
8785.70000000
8985.00000000
8745.00000000
8934.01000000
25838.11470900
8934.00000000
9731.01000000
8922.00000000
9619.99000000
46268.79010600
9618.96000000
9759.82000000
8730.00000000
8869.99000000
81110.03758900
8869.99000000
9307.48000000
8651.62000000
9266.00000000
43300.30424500
9267.03000000
9395.00000000
8889.00000000
8915.35000000
37241.34703600
8915.35000000
9427.48000000
8870.00000000
9348.00000000
34759.62842000
9348.00000000
9570.51000000
9163.74000000
9419.00000000
38149.85003500
9417.04000000
9458.64000000
9124.99000000
9246.01000000
35002.03387500
9246.01000000
9248.99000000
8800.49000000
9071.48000000
41018.46363300
9071.48000000
9268.00000000
8970.20000000
9247.84000000
26123.54396100
9247.81000000
9844.00000000
9168.40000000
9750.00000000
38768.38828800
9750.00000000
9830.04000000
9520.85000000
9713.99000000
28681.58887900
9714.00000000
10020.00000000
9682.00000000
9864.00000000
24990.01834500
9863.99000000
9970.00000000
9417.03000000
9659.01000000
27690.35155900
9661.02000000
9689.67000000
9181.00000000
9365.00000000
33787.64001200
9365.00000000
9475.70000000
9060.54000000
9187.56000000
25533.83188900
9178.00000000
9390.00000000
8965.00000000
9310.00000000
25673.52489900
9310.00000000
9395.12000000
8970.00000000
9002.20000000
25055.06371800
9002.21000000
9016.80000000
8341.00000000
8400.00000000
48227.04806100
8405.94000000
8646.88000000
8153.00000000
8465.94000000
40241.32081000
8475.44000000
8763.36000000
8298.00000000
8679.71000000
25632.86936200
8679.71000000
8879.99000000
8277.00000000
8663.34000000
37389.66653300
8663.37000000
8859.99000000
8401.30000000
8462.00000000
28126.95613600
8462.00000000
8488.00000000
8083.01000000
8330.00000000
31130.71890800
8330.00000000
8464.00000000
7979.00000000
8041.46000000
25439.84479900
8038.82000000
8273.21000000
7911.90000000
8239.81000000
23476.15825100
8238.01000000
8390.80000000
8095.73000000
8233.49000000
17193.42427600
8233.49000000
8609.00000000
8163.90000000
8526.98000000
19957.05710900
8526.97000000
8595.31000000
8305.00000000
8381.24000000
21516.59648600
8386.89000000
8400.18000000
7935.11000000
7977.11000000
23710.90285800
7977.12000000
8031.90000000
7425.00000000
7501.95000000
42910.66677400
7501.95000000
7730.73000000
7266.99000000
7575.01000000
37845.44659500
7578.99000000
7649.55000000
7308.15000000
7457.00000000
26739.95664000
7456.99000000
7620.00000000
7300.00000000
7333.96000000
19464.08607100
7334.00000000
7400.00000000
7231.11000000
7338.99000000
18706.94551500
7338.99000000
7437.00000000
7058.02000000
7099.00000000
27219.43896300
7099.00000000
7540.00000000
7032.95000000
7461.29000000
39407.21183000
7467.98000000
7569.00000000
7260.50000000
7375.96000000
32041.58362300
7382.07000000
7699.00000000
7327.51000000
7485.01000000
30776.06310200
7485.01000000
7608.55000000
7355.54000000
7521.01000000
28259.12407800
7521.01000000
7697.33000000
7437.00000000
7640.03000000
26720.69021900
7636.81000000
7786.69000000
7600.00000000
7714.26000000
27505.15895100
7714.26000000
7760.52000000
7446.50000000
7487.00000000
32258.83511500
7487.00000000
7679.49000000
7358.00000000
7625.00000000
31722.97338400
7626.64000000
7699.00000000
7467.05000000
7658.84000000
27229.99189800
7658.79000000
7765.00000000
7620.00000000
7691.08000000
25062.22720200
7691.08000000
7703.50000000
7531.00000000
7603.44000000
23396.80467100
