8173.99000000
8296.00000000
8080.00000000
8278.00000000
27113.84746400
8273.84000000
8930.00000000
8177.09000000
8856.98000000
39795.33748500
8852.12000000
9035.00000000
8565.00000000
8915.31000000
40872.22990900
8915.31000000
9020.67000000
8727.68000000
8787.02000000
29458.25348000
8785.70000000
8985.00000000
8745.00000000
8934.01000000
25838.11470900
8934.00000000
9731.01000000
8922.00000000
9619.99000000
46268.79010600
9618.96000000
9759.82000000
8730.00000000
8869.99000000
81110.03758900
8869.99000000
9307.48000000
8651.62000000
9266.00000000
43300.30424500
9267.03000000
9395.00000000
8889.00000000
8915.35000000
37241.34703600
8915.35000000
9427.48000000
8870.00000000
9348.00000000
34759.62842000
9348.00000000
9570.51000000
9163.74000000
9419.00000000
38149.85003500
9417.04000000
9458.64000000
9124.99000000
9246.01000000
35002.03387500
9246.01000000
9248.99000000
8800.49000000
9071.48000000
41018.46363300
9071.48000000
9268.00000000
8970.20000000
9247.84000000
26123.54396100
9247.81000000
9844.00000000
9168.40000000
9750.00000000
38768.38828800
9750.00000000
9830.04000000
9520.85000000
9713.99000000
28681.58887900
9714.00000000
10020.00000000
9682.00000000
9864.00000000
24990.01834500
9863.99000000
9970.00000000
9417.03000000
9659.01000000
27690.35155900
9661.02000000
9689.67000000
9181.00000000
9365.00000000
33787.64001200
9365.00000000
9475.70000000
9060.54000000
9187.56000000
25533.83188900
9178.00000000
9390.00000000
8965.00000000
9310.00000000
25673.52489900
9310.00000000
9395.12000000
8970.00000000
9002.20000000
25055.06371800
9002.21000000
9016.80000000
8341.00000000
8400.00000000
48227.04806100
8405.94000000
8646.88000000
8153.00000000
8465.94000000
40241.32081000
8475.44000000
8763.36000000
8298.00000000
8679.71000000
25632.86936200
8679.71000000
8879.99000000
8277.00000000
8663.34000000
37389.66653300
8663.37000000
8859.99000000
8401.30000000
8462.00000000
28126.95613600
8462.00000000
8488.00000000
8083.01000000
8330.00000000
31130.71890800
8330.00000000
8464.00000000
7979.00000000
8041.46000000
25439.84479900
8038.82000000
8273.21000000
7911.90000000
8239.81000000
23476.15825100
8238.01000000
8390.80000000
8095.73000000
8233.49000000
17193.42427600
8233.49000000
8609.00000000
8163.90000000
8526.98000000
19957.05710900
8526.97000000
8595.31000000
8305.00000000
8381.24000000
21516.59648600
8386.89000000
8400.18000000
7935.11000000
7977.11000000
23710.90285800
7977.12000000
8031.90000000
7425.00000000
7501.95000000
42910.66677400
7501.95000000
7730.73000000
7266.99000000
7575.01000000
37845.44659500
7578.99000000
7649.55000000
7308.15000000
7457.00000000
26739.95664000
7456.99000000
7620.00000000
7300.00000000
7333.96000000
19464.08607100
7334.00000000
7400.00000000
7231.11000000
7338.99000000
18706.94551500
7338.99000000
7437.00000000
7058.02000000
7099.00000000
27219.43896300
7099.00000000
7540.00000000
7032.95000000
7461.29000000
39407.21183000
7467.98000000
7569.00000000
7260.50000000
7375.96000000
32041.58362300
7382.07000000
7699.00000000
7327.51000000
7485.01000000
30776.06310200
7485.01000000
7608.55000000
7355.54000000
7521.01000000
28259.12407800
7521.01000000
7697.33000000
7437.00000000
7640.03000000
26720.69021900
7636.81000000
7786.69000000
7600.00000000
7714.26000000
27505.15895100
7714.26000000
7760.52000000
7446.50000000
7487.00000000
32258.83511500
7487.00000000
7679.49000000
7358.00000000
7625.00000000
31722.97338400
7626.64000000
7699.00000000
7467.05000000
7658.84000000
27229.99189800
7658.79000000
7765.00000000
7620.00000000
7691.08000000
25062.22720200
7691.08000000
7703.50000000
7531.00000000
7603.44000000
23396.80467100
7603.44000000
7683.98000000
7450.00000000
7491.73000000
19339.88517600
7491.73000000
7491.73000000
6622.81000000
6764.99000000
52342.02003200
6765.00000000
6922.00000000
6610.00000000
6872.00000000
34552.16230300
6872.00000000
6890.51000000
6435.00000000
6530.00000000
36722.21119100
6530.00000000
6627.60000000
6118.68000000
6292.78000000
46185.51810000
6292.78000000
6720.00000000
6260.00000000
6635.98000000
44478.13083700
6638.67000000
6666.66000000
6362.31000000
6388.90000000
30018.32990500
6380.01000000
6560.00000000
6320.86000000
6483.98000000
22277.24114700
6482.50000000
6589.03000000
6422.00000000
6449.61000000
19847.24768800
6444.06000000
6794.38000000
6380.00000000
6712.46000000
31821.43499500
6711.39000000
6841.74000000
6653.00000000
6741.21000000
24311.42114300
6740.00000000
6817.23000000
6551.81000000
6761.51000000
26359.75245200
6763.21000000
6795.00000000
6672.57000000
6718.84000000
25428.85404800
6717.69000000
6733.97000000
5918.94000000
6045.00000000
52157.37083300
6045.92000000
6260.00000000
6008.48000000
6149.98000000
26622.78858900
6149.98000000
6259.80000000
5750.00000000
6136.97000000
47445.99895500
6137.95000000
6350.00000000
6061.97000000
6252.00000000
39164.51530600
6252.00000000
6272.54000000
6035.00000000
6070.78000000
19377.24048400
6065.89000000
6190.43000000
5971.00000000
6133.73000000
19225.67109800
6134.73000000
6173.01000000
5827.00000000
5853.98000000
30585.26602600
5851.01000000
6300.00000000
5780.00000000
6197.92000000
33911.28727800
6197.92000000
6528.99000000
6186.03000000
6390.07000000
37919.61284000
6391.08000000
6441.06000000
6251.00000000
6356.81000000
27562.96597400
6360.82000000
6685.00000000
6271.62000000
6615.29000000
36230.45226400
6615.29000000
6679.35000000
6463.01000000
6513.86000000
38657.78169100
6511.01000000
6784.92000000
6441.11000000
6586.98000000
23571.89277700
6585.53000000
6712.00000000
6453.33000000
6529.20000000
35071.97289800
6529.20000000
6648.54000000
6425.00000000
6609.78000000
29397.09474800
6609.79000000
6818.16000000
6508.88000000
6756.98000000
23973.87688600
6753.48000000
6780.00000000
6667.44000000
6712.10000000
24622.94779400
6712.10000000
6802.06000000
6612.24000000
6662.12000000
26732.40655000
6662.78000000
6681.00000000
6263.00000000
6296.91000000
38560.67270200
6296.91000000
6406.00000000
6278.99000000
6378.07000000
28715.49848700
6378.07000000
6380.28000000
6070.00000000
6250.57000000
31306.66334800
6251.40000000
6350.00000000
6110.00000000
6214.57000000
26375.32528600
6214.57000000
6335.00000000
6178.00000000
6251.99000000
17783.07199900
6250.90000000
6395.00000000
6225.40000000
6353.01000000
22979.21150800
6354.15000000
6747.30000000
6330.40000000
6723.35000000
36204.87708000
6723.33000000
7468.99000000
6652.04000000
7317.44000000
52105.42345900
7317.44000000
7588.08000000
7225.38000000
7381.90000000
59487.64345000
7381.88000000
7576.28000000
7270.00000000
7466.21000000
41218.25643700
7468.86000000
7700.00000000
7273.00000000
7337.53000000
46140.31344700
7337.47000000
7458.47000000
7211.00000000
7398.78000000
28886.49029100
7399.25000000
7582.40000000
7335.50000000
7394.79000000
30270.21844000
7394.78000000
7833.00000000
7375.00000000
7721.01000000
41646.34667100
7721.65000000
8486.00000000
7696.00000000
8397.24000000
60121.16374900
8397.24000000
8491.77000000
8050.00000000
8175.64000000
48257.64912400
8175.63000000
8315.69000000
7850.06000000
7920.00000000
43223.48168200
7920.00000000
8285.00000000
7805.00000000
8188.57000000
43671.00589100
8188.57000000
8246.54000000
8067.00000000
8225.04000000
26215.17383900
8225.04000000
8294.51000000
8115.00000000
8211.00000000
25531.22618500
8210.99000000
8273.00000000
7866.00000000
8173.92000000
39692.41654200
8171.40000000
8180.00000000
7633.00000000
7730.93000000
48296.91558700
7735.67000000
7750.00000000
7430.00000000
7604.58000000
42582.31293200
7600.08000000
7709.46000000
7455.72000000
7525.71000000
37665.69668400
7525.71000000
7540.00000000
7282.44000000
7418.78000000
44669.48604700
7412.27000000
7494.81000000
6926.00000000
7009.84000000
36288.42601000
7009.84000000
7089.87000000
6882.29000000
7024.19000000
32894.84978200
7024.19000000
7160.00000000
6821.00000000
6934.82000000
32760.19164300
6935.00000000
7150.46000000
6670.00000000
6720.06000000
45438.47350100
6720.63000000
6721.54000000
6123.00000000
6285.00000000
59550.53631900
6283.27000000
6622.81000000
6178.60000000
6529.79000000
51941.18511100
6529.79000000
6575.88000000
6026.39000000
6144.01000000
59034.97490200
6148.13000000
6488.00000000
5971.00000000
6232.35000000
47133.41855500
6222.55000000
6472.30000000
6130.00000000
6308.33000000
38567.77071200
6308.56000000
6545.00000000
6145.04000000
6246.35000000
53895.82878300
6248.25000000
6250.33000000
5880.00000000
6188.08000000
50186.74509100
6188.08000000
6609.00000000
6172.11000000
6267.16000000
68806.68702600
6265.27000000
6480.00000000
6205.60000000
6311.75000000
48515.25461800
6316.00000000
6585.00000000
6285.40000000
6584.49000000
57851.61080300
6579.04000000
6620.00000000
6288.00000000
6387.96000000
53742.32217200
6387.96000000
6541.00000000
6300.00000000
6477.53000000
45190.84799400
6477.53000000
6530.00000000
6220.00000000
6254.84000000
49435.55526000
6251.00000000
6500.00000000
6235.08000000
6480.00000000
41569.94740800
6479.98000000
6882.54000000
6251.20000000
6360.89000000
77909.39135900
6362.57000000
6576.99000000
6342.28000000
6525.01000000
40358.16682500
6525.00000000
6725.00000000
6440.50000000
6681.64000000
38305.67532200
6686.98000000
6789.00000000
6650.61000000
6733.64000000
19220.50592900
6733.64000000
6775.27000000
6568.00000000
6700.00000000
20107.29720800
