6214.57000000
6335.00000000
6178.00000000
6251.99000000
17783.07199900
6250.90000000
6395.00000000
6225.40000000
6353.01000000
22979.21150800
6354.15000000
6747.30000000
6330.40000000
6723.35000000
36204.87708000
6723.33000000
7468.99000000
6652.04000000
7317.44000000
52105.42345900
7317.44000000
7588.08000000
7225.38000000
7381.90000000
59487.64345000
7381.88000000
7576.28000000
7270.00000000
7466.21000000
41218.25643700
7468.86000000
7700.00000000
7273.00000000
7337.53000000
46140.31344700
7337.47000000
7458.47000000
7211.00000000
7398.78000000
28886.49029100
7399.25000000
7582.40000000
7335.50000000
7394.79000000
30270.21844000
7394.78000000
7833.00000000
7375.00000000
7721.01000000
41646.34667100
7721.65000000
8486.00000000
7696.00000000
8397.24000000
60121.16374900
8397.24000000
8491.77000000
8050.00000000
8175.64000000
48257.64912400
8175.63000000
8315.69000000
7850.06000000
7920.00000000
43223.48168200
7920.00000000
8285.00000000
7805.00000000
8188.57000000
43671.00589100
8188.57000000
8246.54000000
8067.00000000
8225.04000000
26215.17383900
8225.04000000
8294.51000000
8115.00000000
8211.00000000
25531.22618500
8210.99000000
8273.00000000
7866.00000000
8173.92000000
39692.41654200
8171.40000000
8180.00000000
7633.00000000
7730.93000000
48296.91558700
7735.67000000
7750.00000000
7430.00000000
7604.58000000
42582.31293200
7600.08000000
7709.46000000
7455.72000000
7525.71000000
37665.69668400
7525.71000000
7540.00000000
7282.44000000
7418.78000000
44669.48604700
7412.27000000
7494.81000000
6926.00000000
7009.84000000
36288.42601000
7009.84000000
7089.87000000
6882.29000000
7024.19000000
32894.84978200
7024.19000000
7160.00000000
6821.00000000
6934.82000000
32760.19164300
6935.00000000
7150.46000000
6670.00000000
6720.06000000
45438.47350100
6720.63000000
6721.54000000
6123.00000000
6285.00000000
59550.53631900
6283.27000000
6622.81000000
6178.60000000
6529.79000000
51941.18511100
6529.79000000
6575.88000000
6026.39000000
6144.01000000
59034.97490200
6148.13000000
6488.00000000
5971.00000000
6232.35000000
47133.41855500
6222.55000000
6472.30000000
6130.00000000
6308.33000000
38567.77071200
6308.56000000
6545.00000000
6145.04000000
6246.35000000
53895.82878300
6248.25000000
6250.33000000
5880.00000000
6188.08000000
50186.74509100
6188.08000000
6609.00000000
6172.11000000
6267.16000000
68806.68702600
6265.27000000
6480.00000000
6205.60000000
6311.75000000
48515.25461800
6316.00000000
6585.00000000
6285.40000000
6584.49000000
57851.61080300
6579.04000000
6620.00000000
6288.00000000
6387.96000000
53742.32217200
6387.96000000
6541.00000000
6300.00000000
6477.53000000
45190.84799400
6477.53000000
6530.00000000
6220.00000000
6254.84000000
49435.55526000
6251.00000000
6500.00000000
6235.08000000
6480.00000000
41569.94740800
6479.98000000
6882.54000000
6251.20000000
6360.89000000
77909.39135900
6362.57000000
6576.99000000
6342.28000000
6525.01000000
40358.16682500
6525.00000000
6725.00000000
6440.50000000
6681.64000000
38305.67532200
6686.98000000
6789.00000000
6650.61000000
6733.64000000
19220.50592900
6733.64000000
6775.27000000
6568.00000000
6700.00000000
20107.29720800
6700.00000000
6940.51000000
6646.50000000
6908.64000000
37747.07874700
6907.26000000
7135.00000000
6860.00000000
7076.11000000
48352.91716300
7077.00000000
7133.81000000
6912.34000000
7031.22000000
43252.48739200
7033.21000000
7063.63000000
6784.81000000
6984.84000000
44716.77462000
6984.84000000
7089.00000000
6888.00000000
7011.21000000
40467.40063800
7011.21000000
7275.00000000
7008.74000000
7200.01000000
40323.41409300
7201.57000000
7345.45000000
7127.00000000
7302.01000000
39814.84035200
7302.00000000
7338.28000000
7191.63000000
7263.02000000
32396.01837100
7263.00000000
7410.00000000
7227.17000000
7359.06000000
35300.64051800
7359.05000000
7397.30000000
6682.00000000
6700.00000000
63715.25626700
6697.27000000
6725.00000000
6265.00000000
6516.01000000
60644.46422700
6516.84000000
6544.00000000
6320.00000000
6395.54000000
38906.28805000
6395.54000000
6478.00000000
6111.00000000
6185.05000000
38215.03217100
6185.06000000
6441.00000000
6141.53000000
6250.81000000
37053.92382000
6252.26000000
6373.98000000
6221.00000000
6312.00000000
32439.45643200
6311.99000000
6404.00000000
6169.68000000
6294.91000000
33104.88859000
6293.00000000
6360.00000000
6192.37000000
6338.62000000
31433.64593900
6338.62000000
6535.00000000
6337.40000000
6487.38000000
40465.06310700
6487.39000000
6584.99000000
6385.62000000
6476.63000000
37173.33927700
6476.63000000
6565.45000000
6466.13000000
6514.96000000
25243.65661200
6514.96000000
6524.62000000
6370.00000000
6505.00000000
27568.13289700
6500.08000000
6533.84000000
6201.00000000
6248.69000000
35987.25473800
6248.69000000
6390.00000000
6224.98000000
6336.45000000
32620.86667000
6336.39000000
6517.70000000
6123.00000000
6391.89000000
39044.08008200
6392.00000000
6540.00000000
6325.00000000
6492.00000000
25189.02472800
6492.00000000
6784.86000000
6491.00000000
6759.02000000
51779.34346300
6759.01000000
6839.03000000
6627.00000000
6723.05000000
29349.69066700
6723.05000000
6788.23000000
6661.75000000
6708.00000000
30286.22977300
6706.81000000
6730.00000000
6557.00000000
6581.39000000
35305.73991000
6581.42000000
6584.01000000
6325.02000000
6447.54000000
40301.02945200
6445.11000000
6557.99000000
6379.70000000
6465.12000000
33484.54207000
6467.84000000
6750.00000000
6434.00000000
6689.13000000
33087.42829700
6689.12000000
6814.80000000
6540.88000000
6634.58000000
42399.44852300
6634.58000000
6636.00000000
6464.57000000
6596.38000000
30255.95970000
6597.66000000
6662.00000000
6533.00000000
6626.57000000
27764.72451900
6626.57000000
6667.09000000
6510.00000000
6611.61000000
20621.50689400
6610.00000000
6640.00000000
6494.00000000
6525.79000000
28245.81008800
6525.79000000
6549.00000000
6430.00000000
6510.00000000
28451.96913800
6510.01000000
6643.46000000
6505.09000000
6593.79000000
20074.30081800
6591.69000000
6697.00000000
6543.08000000
6635.65000000
16096.55239200
6635.65000000
6651.00000000
6566.77000000
6594.27000000
10939.50539100
6596.44000000
6640.00000000
6525.00000000
6615.26000000
17406.83176200
6615.26000000
6715.60000000
6587.00000000
6673.01000000
23123.41954100
6673.01000000
6685.38000000
6607.00000000
6656.61000000
15354.77946900
6656.67000000
6659.95000000
6530.00000000
6631.00000000
15390.66144400
6630.21000000
6633.92000000
6205.00000000
6252.68000000
48712.40033200
6252.71000000
6360.00000000
6209.00000000
6298.01000000
29004.07141900
6298.00000000
6345.00000000
6285.07000000
6332.93000000
19098.07002500
6332.92000000
6416.00000000
6308.00000000
6339.34000000
15627.41131400
6339.34000000
7680.00000000
6300.00000000
6752.50000000
90748.03124600
6752.50000000
6900.00000000
6670.00000000
6759.27000000
27557.95776400
6762.76000000
6811.12000000
6676.01000000
6740.89000000
26641.43137900
6739.01000000
6796.00000000
6567.00000000
6618.96000000
20116.52194100
6618.96000000
6648.14000000
6523.00000000
6528.88000000
20772.60077000
6528.88000000
6617.65000000
6505.55000000
6588.40000000
19240.72224700
6585.72000000
6663.90000000
6580.00000000
6590.11000000
6515.35779200
6590.12000000
6639.00000000
6535.27000000
6581.20000000
16213.69266000
6581.20000000
6595.00000000
6515.45000000
6553.51000000
13856.60175600
6553.51000000
6630.00000000
6547.53000000
6565.50000000
11951.54397700
6566.81000000
6575.09000000
6502.80000000
6528.09000000
10342.70124400
6528.13000000
6600.00000000
6515.01000000
6538.63000000
9443.50415600
6538.63000000
6558.35000000
6463.04000000
6505.60000000
7776.90786400
6505.60000000
6514.17000000
6453.00000000
6489.93000000
5743.93372800
6489.93000000
6505.01000000
6315.00000000
6344.50000000
13827.22406700
6344.50000000
6395.00000000
6317.01000000
6330.87000000
8877.17538500
6330.01000000
6428.00000000
6245.02000000
6371.93000000
12148.88821600
6369.52000000
6442.65000000
6348.66000000
6410.00000000
9099.03584100
6410.00000000
6460.34000000
6388.20000000
6433.98000000
9739.44067900
6432.80000000
6439.97000000
6345.00000000
6387.09000000
7661.24147600
6388.00000000
6525.00000000
6359.00000000
6485.85000000
10592.39494300
6485.85000000
6504.39000000
6431.02000000
6468.99000000
8987.88215600
6468.99000000
6531.31000000
6445.18000000
6519.11000000
11926.56569900
6522.73000000
6615.15000000
6509.00000000
6578.46000000
14271.59111700
6578.46000000
6594.00000000
6468.22000000
6479.84000000
13259.78928200
6479.84000000
6511.53000000
6391.01000000
6419.99000000
11787.61658300
6419.99000000
6475.55000000
6411.00000000
6433.05000000
7714.82992600
6435.16000000
6462.14000000
6355.00000000
6449.81000000
8213.50711700
6450.71000000
6497.00000000
6421.00000000
6453.07000000
10132.78256700
6451.68000000
6498.00000000
6391.15000000
6457.66000000
11790.56493300
6458.98000000
6482.84000000
5656.87000000
5922.41000000
46478.96400300
5917.20000000
5939.54000000
5403.42000000
5753.40000000
47700.82940100
5757.09000000
5782.89000000
5549.25000000
5655.94000000
38721.80227400
5650.57000000
5656.60000000
5565.43000000
5628.29000000
26411.24141300
5630.49000000
5738.17000000
5617.00000000
5662.00000000
23844.99934700
5661.94000000
5664.00000000
4855.00000000
4910.03000000
70580.89285600
4913.40000000
5048.24000000
4326.00000000
4558.86000000
117380.95159000
