7263.00000000
7410.00000000
7227.17000000
7359.06000000
35300.64051800
7359.05000000
7397.30000000
6682.00000000
6700.00000000
63715.25626700
6697.27000000
6725.00000000
6265.00000000
6516.01000000
60644.46422700
6516.84000000
6544.00000000
6320.00000000
6395.54000000
38906.28805000
6395.54000000
6478.00000000
6111.00000000
6185.05000000
38215.03217100
6185.06000000
6441.00000000
6141.53000000
6250.81000000
37053.92382000
6252.26000000
6373.98000000
6221.00000000
6312.00000000
32439.45643200
6311.99000000
6404.00000000
6169.68000000
6294.91000000
33104.88859000
6293.00000000
6360.00000000
6192.37000000
6338.62000000
31433.64593900
6338.62000000
6535.00000000
6337.40000000
6487.38000000
40465.06310700
6487.39000000
6584.99000000
6385.62000000
6476.63000000
37173.33927700
6476.63000000
6565.45000000
6466.13000000
6514.96000000
25243.65661200
6514.96000000
6524.62000000
6370.00000000
6505.00000000
27568.13289700
6500.08000000
6533.84000000
6201.00000000
6248.69000000
35987.25473800
6248.69000000
6390.00000000
6224.98000000
6336.45000000
32620.86667000
6336.39000000
6517.70000000
6123.00000000
6391.89000000
39044.08008200
6392.00000000
6540.00000000
6325.00000000
6492.00000000
25189.02472800
6492.00000000
6784.86000000
6491.00000000
6759.02000000
51779.34346300
6759.01000000
6839.03000000
6627.00000000
6723.05000000
29349.69066700
6723.05000000
6788.23000000
6661.75000000
6708.00000000
30286.22977300
6706.81000000
6730.00000000
6557.00000000
6581.39000000
35305.73991000
6581.42000000
6584.01000000
6325.02000000
6447.54000000
40301.02945200
6445.11000000
6557.99000000
6379.70000000
6465.12000000
33484.54207000
6467.84000000
6750.00000000
6434.00000000
6689.13000000
33087.42829700
6689.12000000
6814.80000000
6540.88000000
6634.58000000
42399.44852300
6634.58000000
6636.00000000
6464.57000000
6596.38000000
30255.95970000
6597.66000000
6662.00000000
6533.00000000
6626.57000000
27764.72451900
6626.57000000
6667.09000000
6510.00000000
6611.61000000
20621.50689400
6610.00000000
6640.00000000
6494.00000000
6525.79000000
28245.81008800
6525.79000000
6549.00000000
6430.00000000
6510.00000000
28451.96913800
6510.01000000
6643.46000000
6505.09000000
6593.79000000
20074.30081800
6591.69000000
6697.00000000
6543.08000000
6635.65000000
16096.55239200
6635.65000000
6651.00000000
6566.77000000
6594.27000000
10939.50539100
6596.44000000
6640.00000000
6525.00000000
6615.26000000
17406.83176200
6615.26000000
6715.60000000
6587.00000000
6673.01000000
23123.41954100
6673.01000000
6685.38000000
6607.00000000
6656.61000000
15354.77946900
6656.67000000
6659.95000000
6530.00000000
6631.00000000
15390.66144400
6630.21000000
6633.92000000
6205.00000000
6252.68000000
48712.40033200
6252.71000000
6360.00000000
6209.00000000
6298.01000000
29004.07141900
6298.00000000
6345.00000000
6285.07000000
6332.93000000
19098.07002500
6332.92000000
6416.00000000
6308.00000000
6339.34000000
15627.41131400
6339.34000000
7680.00000000
6300.00000000
6752.50000000
90748.03124600
6752.50000000
6900.00000000
6670.00000000
6759.27000000
27557.95776400
6762.76000000
6811.12000000
6676.01000000
6740.89000000
26641.43137900
6739.01000000
6796.00000000
6567.00000000
6618.96000000
20116.52194100
6618.96000000
6648.14000000
6523.00000000
6528.88000000
20772.60077000
6528.88000000
6617.65000000
6505.55000000
6588.40000000
19240.72224700
6585.72000000
6663.90000000
6580.00000000
6590.11000000
6515.35779200
6590.12000000
6639.00000000
6535.27000000
6581.20000000
16213.69266000
6581.20000000
6595.00000000
6515.45000000
6553.51000000
13856.60175600
6553.51000000
6630.00000000
6547.53000000
6565.50000000
11951.54397700
6566.81000000
6575.09000000
6502.80000000
6528.09000000
10342.70124400
6528.13000000
6600.00000000
6515.01000000
6538.63000000
9443.50415600
6538.63000000
6558.35000000
6463.04000000
6505.60000000
7776.90786400
6505.60000000
6514.17000000
6453.00000000
6489.93000000
5743.93372800
6489.93000000
6505.01000000
6315.00000000
6344.50000000
13827.22406700
6344.50000000
6395.00000000
6317.01000000
6330.87000000
8877.17538500
6330.01000000
6428.00000000
6245.02000000
6371.93000000
12148.88821600
6369.52000000
6442.65000000
6348.66000000
6410.00000000
9099.03584100
6410.00000000
6460.34000000
6388.20000000
6433.98000000
9739.44067900
6432.80000000
6439.97000000
6345.00000000
6387.09000000
7661.24147600
6388.00000000
6525.00000000
6359.00000000
6485.85000000
10592.39494300
6485.85000000
6504.39000000
6431.02000000
6468.99000000
8987.88215600
6468.99000000
6531.31000000
6445.18000000
6519.11000000
11926.56569900
6522.73000000
6615.15000000
6509.00000000
6578.46000000
14271.59111700
6578.46000000
6594.00000000
6468.22000000
6479.84000000
13259.78928200
6479.84000000
6511.53000000
6391.01000000
6419.99000000
11787.61658300
6419.99000000
6475.55000000
6411.00000000
6433.05000000
7714.82992600
6435.16000000
6462.14000000
6355.00000000
6449.81000000
8213.50711700
6450.71000000
6497.00000000
6421.00000000
6453.07000000
10132.78256700
6451.68000000
6498.00000000
6391.15000000
6457.66000000
11790.56493300
6458.98000000
6482.84000000
5656.87000000
5922.41000000
46478.96400300
5917.20000000
5939.54000000
5403.42000000
5753.40000000
47700.82940100
5757.09000000
5782.89000000
5549.25000000
5655.94000000
38721.80227400
5650.57000000
5656.60000000
5565.43000000
5628.29000000
26411.24141300
5630.49000000
5738.17000000
5617.00000000
5662.00000000
23844.99934700
5661.94000000
5664.00000000
4855.00000000
4910.03000000
70580.89285600
4913.40000000
5048.24000000
4326.00000000
4558.86000000
117380.95159000
4559.91000000
4787.20000000
4413.85000000
4661.07000000
61071.82947500
4661.08000000
4721.77000000
4335.00000000
4370.00000000
34531.11914300
4370.90000000
4484.00000000
4222.94000000
4420.61000000
49371.92032200
4415.63000000
4527.00000000
3824.69000000
3932.44000000
61693.11100600
3933.68000000
4233.00000000
3652.66000000
4085.78000000
101693.97558800
4088.69000000
4206.00000000
3701.00000000
3862.20000000
94503.75076700
3864.45000000
3940.00000000
3689.12000000
3875.21000000
67480.60721200
3875.63000000
4394.47000000
3874.27000000
4264.85000000
91983.56794900
4262.06000000
4450.38000000
4125.65000000
4295.84000000
73980.19866900
4295.72000000
4341.36000000
3943.00000000
4041.32000000
67758.44628300
4041.27000000
4299.99000000
3963.01000000
4190.02000000
44840.07348100
4190.98000000
4312.99000000
4103.04000000
4161.01000000
38912.15479000
4160.55000000
4179.00000000
3827.00000000
3884.01000000
49094.36916300
3884.76000000
4085.00000000
3781.00000000
3951.64000000
48489.55161300
3950.98000000
3970.00000000
3745.00000000
3769.84000000
44004.79944800
3768.44000000
3899.99000000
3500.00000000
3508.75000000
68378.79694300
3508.75000000
3549.99000000
3224.60000000
3403.55000000
95145.45744200
3403.57000000
3495.00000000
3222.00000000
3410.93000000
55365.94994900
3411.36000000
3658.00000000
3394.04000000
3545.37000000
45956.89329600
3548.49000000
3610.00000000
3370.11000000
3432.88000000
40989.24455300
3434.01000000
3480.00000000
3324.32000000
3380.39000000
35920.86415400
3379.23000000
3492.00000000
3350.00000000
3445.00000000
33922.93128600
3446.38000000
3460.00000000
3255.50000000
3302.06000000
40040.91701300
3302.06000000
3335.39000000
3177.00000000
3224.17000000
44492.98380700
3225.19000000
3276.50000000
3156.26000000
3211.72000000
29796.04143600
3211.71000000
3294.00000000
3186.00000000
3228.67000000
24628.80853800
3229.22000000
3585.00000000
3216.00000000
3509.08000000
66761.75169700
3509.03000000
3678.59000000
3424.47000000
3652.98000000
61369.61525700
3653.00000000
3912.73000000
3622.55000000
3662.22000000
94137.34101400
3660.01000000
4120.00000000
3635.00000000
4049.62000000
101543.83598600
4051.86000000
4139.99000000
3764.00000000
3838.66000000
82343.85011200
3840.25000000
3979.00000000
3785.00000000
3948.91000000
42822.35087200
3948.91000000
4021.53000000
3870.00000000
3929.71000000
40117.53152900
3929.71000000
4198.00000000
3924.83000000
4008.01000000
64647.80912900
4010.11000000
4020.00000000
3646.41000000
3745.79000000
62725.62943200
3745.56000000
3837.15000000
3656.74000000
3777.74000000
42629.37581700
3777.74000000
3813.98000000
3535.00000000
3567.91000000
44097.39291200
3567.89000000
3887.25000000
3540.04000000
3839.26000000
45964.30498700
3839.00000000
3892.00000000
3670.00000000
3695.32000000
38874.37390300
3696.71000000
3903.50000000
3657.90000000
3801.91000000
33222.36926200
3803.12000000
3810.00000000
3630.33000000
3702.90000000
29991.77835000
3701.23000000
3810.16000000
3642.00000000
3797.14000000
23741.68703300
3796.45000000
3882.14000000
3750.45000000
3858.56000000
35156.46336900
3857.57000000
3862.74000000
3730.00000000
3766.78000000
29406.94835900
3767.20000000
3823.64000000
3703.57000000
3792.01000000
29519.55467100
3790.09000000
3840.99000000
3751.00000000
3770.96000000
30490.66775100
3771.12000000
4027.71000000
3740.00000000
3987.60000000
36553.80670900
3987.62000000
4017.90000000
3921.53000000
3975.45000000
31869.84626400
3976.76000000
4069.80000000
3903.00000000
3955.13000000
38901.42312200
3955.45000000
4006.81000000
3930.04000000
3966.65000000
28989.43951100
3966.06000000
3996.01000000
3540.00000000
3585.88000000
59402.22851000
3585.88000000
3658.00000000
3465.00000000
3601.31000000
38338.65473300
