6432.80000000
6439.97000000
6345.00000000
6387.09000000
7661.24147600
6388.00000000
6525.00000000
6359.00000000
6485.85000000
10592.39494300
6485.85000000
6504.39000000
6431.02000000
6468.99000000
8987.88215600
6468.99000000
6531.31000000
6445.18000000
6519.11000000
11926.56569900
6522.73000000
6615.15000000
6509.00000000
6578.46000000
14271.59111700
6578.46000000
6594.00000000
6468.22000000
6479.84000000
13259.78928200
6479.84000000
6511.53000000
6391.01000000
6419.99000000
11787.61658300
6419.99000000
6475.55000000
6411.00000000
6433.05000000
7714.82992600
6435.16000000
6462.14000000
6355.00000000
6449.81000000
8213.50711700
6450.71000000
6497.00000000
6421.00000000
6453.07000000
10132.78256700
6451.68000000
6498.00000000
6391.15000000
6457.66000000
11790.56493300
6458.98000000
6482.84000000
5656.87000000
5922.41000000
46478.96400300
5917.20000000
5939.54000000
5403.42000000
5753.40000000
47700.82940100
5757.09000000
5782.89000000
5549.25000000
5655.94000000
38721.80227400
5650.57000000
5656.60000000
5565.43000000
5628.29000000
26411.24141300
5630.49000000
5738.17000000
5617.00000000
5662.00000000
23844.99934700
5661.94000000
5664.00000000
4855.00000000
4910.03000000
70580.89285600
4913.40000000
5048.24000000
4326.00000000
4558.86000000
117380.95159000
4559.91000000
4787.20000000
4413.85000000
4661.07000000
61071.82947500
4661.08000000
4721.77000000
4335.00000000
4370.00000000
34531.11914300
4370.90000000
4484.00000000
4222.94000000
4420.61000000
49371.92032200
4415.63000000
4527.00000000
3824.69000000
3932.44000000
61693.11100600
3933.68000000
4233.00000000
3652.66000000
4085.78000000
101693.97558800
4088.69000000
4206.00000000
3701.00000000
3862.20000000
94503.75076700
3864.45000000
3940.00000000
3689.12000000
3875.21000000
67480.60721200
3875.63000000
4394.47000000
3874.27000000
4264.85000000
91983.56794900
4262.06000000
4450.38000000
4125.65000000
4295.84000000
73980.19866900
4295.72000000
4341.36000000
3943.00000000
4041.32000000
67758.44628300
4041.27000000
4299.99000000
3963.01000000
4190.02000000
44840.07348100
4190.98000000
4312.99000000
4103.04000000
4161.01000000
38912.15479000
4160.55000000
4179.00000000
3827.00000000
3884.01000000
49094.36916300
3884.76000000
4085.00000000
3781.00000000
3951.64000000
48489.55161300
3950.98000000
3970.00000000
3745.00000000
3769.84000000
44004.79944800
3768.44000000
3899.99000000
3500.00000000
3508.75000000
68378.79694300
3508.75000000
3549.99000000
3224.60000000
3403.55000000
95145.45744200
3403.57000000
3495.00000000
3222.00000000
3410.93000000
55365.94994900
3411.36000000
3658.00000000
3394.04000000
3545.37000000
45956.89329600
3548.49000000
3610.00000000
3370.11000000
3432.88000000
40989.24455300
3434.01000000
3480.00000000
3324.32000000
3380.39000000
35920.86415400
3379.23000000
3492.00000000
3350.00000000
3445.00000000
33922.93128600
3446.38000000
3460.00000000
3255.50000000
3302.06000000
40040.91701300
3302.06000000
3335.39000000
3177.00000000
3224.17000000
44492.98380700
3225.19000000
3276.50000000
3156.26000000
3211.72000000
29796.04143600
3211.71000000
3294.00000000
3186.00000000
3228.67000000
24628.80853800
3229.22000000
3585.00000000
3216.00000000
3509.08000000
66761.75169700
3509.03000000
3678.59000000
3424.47000000
3652.98000000
61369.61525700
3653.00000000
3912.73000000
3622.55000000
3662.22000000
94137.34101400
3660.01000000
4120.00000000
3635.00000000
4049.62000000
101543.83598600
4051.86000000
4139.99000000
3764.00000000
3838.66000000
82343.85011200
3840.25000000
3979.00000000
3785.00000000
3948.91000000
42822.35087200
3948.91000000
4021.53000000
3870.00000000
3929.71000000
40117.53152900
3929.71000000
4198.00000000
3924.83000000
4008.01000000
64647.80912900
4010.11000000
4020.00000000
3646.41000000
3745.79000000
62725.62943200
3745.56000000
3837.15000000
3656.74000000
3777.74000000
42629.37581700
3777.74000000
3813.98000000
3535.00000000
3567.91000000
44097.39291200
3567.89000000
3887.25000000
3540.04000000
3839.26000000
45964.30498700
3839.00000000
3892.00000000
3670.00000000
3695.32000000
38874.37390300
3696.71000000
3903.50000000
3657.90000000
3801.91000000
33222.36926200
3803.12000000
3810.00000000
3630.33000000
3702.90000000
29991.77835000
3701.23000000
3810.16000000
3642.00000000
3797.14000000
23741.68703300
3796.45000000
3882.14000000
3750.45000000
3858.56000000
35156.46336900
3857.57000000
3862.74000000
3730.00000000
3766.78000000
29406.94835900
3767.20000000
3823.64000000
3703.57000000
3792.01000000
29519.55467100
3790.09000000
3840.99000000
3751.00000000
3770.96000000
30490.66775100
3771.12000000
4027.71000000
3740.00000000
3987.60000000
36553.80670900
3987.62000000
4017.90000000
3921.53000000
3975.45000000
31869.84626400
3976.76000000
4069.80000000
3903.00000000
3955.13000000
38901.42312200
3955.45000000
4006.81000000
3930.04000000
3966.65000000
28989.43951100
3966.06000000
3996.01000000
3540.00000000
3585.88000000
59402.22851000
3585.88000000
3658.00000000
3465.00000000
3601.31000000
38338.65473300
3601.31000000
3618.19000000
3530.00000000
3583.13000000
21999.92835400
3584.10000000
3611.10000000
3441.30000000
3476.81000000
26385.75745400
3477.56000000
3671.87000000
3467.02000000
3626.09000000
35235.21121500
3626.08000000
3648.42000000
3516.62000000
3553.06000000
34137.99745900
3553.06000000
3645.00000000
3543.51000000
3591.84000000
27480.17997700
3591.84000000
3634.70000000
3530.39000000
3616.21000000
29755.44083800
3613.32000000
3620.00000000
3565.75000000
3594.87000000
22713.44675500
3594.87000000
3720.00000000
3594.23000000
3665.30000000
22171.57812300
3665.75000000
3693.73000000
3475.00000000
3539.28000000
27901.93859800
3539.26000000
3559.51000000
3475.50000000
3526.90000000
19644.43683900
3526.88000000
3608.50000000
3434.85000000
3570.93000000
29336.44296700
3570.41000000
3607.98000000
3514.50000000
3552.82000000
24938.84269800
3552.97000000
3589.00000000
3529.22000000
3569.62000000
20826.25118000
3569.07000000
3587.15000000
3522.51000000
3565.29000000
17608.34667100
3566.69000000
3662.94000000
3545.00000000
3565.25000000
19476.53234400
3565.62000000
3579.00000000
3486.00000000
3550.84000000
22735.59816200
3550.05000000
3557.75000000
3380.27000000
3434.15000000
40405.11140100
3434.00000000
3443.45000000
3349.92000000
3411.04000000
29544.92897700
3410.04000000
3478.00000000
3387.10000000
3458.18000000
23968.26024300
3457.50000000
3489.20000000
3418.80000000
3434.10000000
29607.19025300
3434.10000000
3488.00000000
3401.20000000
3462.07000000
25260.47615900
3462.20000000
3526.40000000
3440.29000000
3504.77000000
17920.80200000
3504.06000000
3511.09000000
3426.00000000
3458.11000000
19867.33639000
3458.11000000
3484.88000000
3433.31000000
3463.22000000
23131.98110800
3463.22000000
3478.97000000
3448.43000000
3471.59000000
25264.41503000
3471.57000000
3482.72000000
3380.00000000
3405.37000000
35310.24484600
3407.00000000
3426.45000000
3390.00000000
3398.40000000
18665.53863800
3398.40000000
3733.58000000
3373.10000000
3659.04000000
47968.05801300
3660.27000000
3680.02000000
3625.13000000
3665.18000000
24759.83371900
3665.18000000
3684.99000000
3609.76000000
3680.06000000
23250.60263400
3679.75000000
3684.90000000
3615.53000000
3631.05000000
24954.61457100
3631.05000000
3667.60000000
3582.34000000
3631.46000000
29479.59823000
3631.51000000
3670.00000000
3591.75000000
3609.40000000
25773.99764800
3608.34000000
3626.40000000
3568.11000000
3590.56000000
21753.50126100
3590.57000000
3653.23000000
3573.45000000
3602.47000000
20777.87289900
3602.49000000
3648.20000000
3597.91000000
3618.41000000
19565.99275100
3617.22000000
3700.11000000
3604.40000000
3667.58000000
25690.22777900
3667.62000000
3925.00000000
3655.00000000
3898.60000000
64042.73049200
3897.35000000
3994.52000000
3856.00000000
3907.79000000
50207.17266700
3907.35000000
3986.98000000
3870.66000000
3969.74000000
36205.14085000
3969.74000000
4016.48000000
3901.03000000
3937.31000000
31103.88472800
3937.31000000
3988.00000000
3926.65000000
3962.00000000
23943.16375000
3962.00000000
4162.02000000
3933.15000000
4117.76000000
33657.94288300
4118.00000000
4198.00000000
3712.66000000
3743.56000000
62224.18689000
3743.56000000
3872.66000000
3740.00000000
3827.92000000
38102.96624500
3828.44000000
3841.51000000
3777.00000000
3809.23000000
28838.74803600
3809.31000000
3838.85000000
3677.17000000
3818.07000000
31500.99546600
3818.04000000
3888.00000000
3763.87000000
3813.69000000
32561.96104400
3814.26000000
3857.00000000
3813.01000000
3823.00000000
23174.57217000
3822.17000000
3841.31000000
3772.25000000
3819.93000000
19445.83835500
3819.97000000
3835.00000000
3781.32000000
3807.75000000
16718.16541000
3807.32000000
3830.00000000
3670.69000000
3715.30000000
34742.84166000
3716.10000000
3877.10000000
3703.55000000
3857.73000000
32962.53616200
3857.58000000
3907.00000000
3813.09000000
3861.84000000
24775.11883000
3861.84000000
3905.40000000
3840.40000000
3873.64000000
26455.25766100
3873.63000000
3932.00000000
3800.00000000
3864.89000000
34730.36659200
3864.88000000
3971.75000000
3854.75000000
3943.04000000
30979.74765300
3943.43000000
3943.43000000
3881.69000000
3916.82000000
23187.56141200
3915.99000000
3936.98000000
3830.00000000
3871.61000000
38066.88570500
3871.61000000
3905.20000000
3826.06000000
3882.73000000
26921.00862200
