3446.38000000
3460.00000000
3255.50000000
3302.06000000
40040.91701300
3302.06000000
3335.39000000
3177.00000000
3224.17000000
44492.98380700
3225.19000000
3276.50000000
3156.26000000
3211.72000000
29796.04143600
3211.71000000
3294.00000000
3186.00000000
3228.67000000
24628.80853800
3229.22000000
3585.00000000
3216.00000000
3509.08000000
66761.75169700
3509.03000000
3678.59000000
3424.47000000
3652.98000000
61369.61525700
3653.00000000
3912.73000000
3622.55000000
3662.22000000
94137.34101400
3660.01000000
4120.00000000
3635.00000000
4049.62000000
101543.83598600
4051.86000000
4139.99000000
3764.00000000
3838.66000000
82343.85011200
3840.25000000
3979.00000000
3785.00000000
3948.91000000
42822.35087200
3948.91000000
4021.53000000
3870.00000000
3929.71000000
40117.53152900
3929.71000000
4198.00000000
3924.83000000
4008.01000000
64647.80912900
4010.11000000
4020.00000000
3646.41000000
3745.79000000
62725.62943200
3745.56000000
3837.15000000
3656.74000000
3777.74000000
42629.37581700
3777.74000000
3813.98000000
3535.00000000
3567.91000000
44097.39291200
3567.89000000
3887.25000000
3540.04000000
3839.26000000
45964.30498700
3839.00000000
3892.00000000
3670.00000000
3695.32000000
38874.37390300
3696.71000000
3903.50000000
3657.90000000
3801.91000000
33222.36926200
3803.12000000
3810.00000000
3630.33000000
3702.90000000
29991.77835000
3701.23000000
3810.16000000
3642.00000000
3797.14000000
23741.68703300
3796.45000000
3882.14000000
3750.45000000
3858.56000000
35156.46336900
3857.57000000
3862.74000000
3730.00000000
3766.78000000
29406.94835900
3767.20000000
3823.64000000
3703.57000000
3792.01000000
29519.55467100
3790.09000000
3840.99000000
3751.00000000
3770.96000000
30490.66775100
3771.12000000
4027.71000000
3740.00000000
3987.60000000
36553.80670900
3987.62000000
4017.90000000
3921.53000000
3975.45000000
31869.84626400
3976.76000000
4069.80000000
3903.00000000
3955.13000000
38901.42312200
3955.45000000
4006.81000000
3930.04000000
3966.65000000
28989.43951100
3966.06000000
3996.01000000
3540.00000000
3585.88000000
59402.22851000
3585.88000000
3658.00000000
3465.00000000
3601.31000000
38338.65473300
3601.31000000
3618.19000000
3530.00000000
3583.13000000
21999.92835400
3584.10000000
3611.10000000
3441.30000000
3476.81000000
26385.75745400
3477.56000000
3671.87000000
3467.02000000
3626.09000000
35235.21121500
3626.08000000
3648.42000000
3516.62000000
3553.06000000
34137.99745900
3553.06000000
3645.00000000
3543.51000000
3591.84000000
27480.17997700
3591.84000000
3634.70000000
3530.39000000
3616.21000000
29755.44083800
3613.32000000
3620.00000000
3565.75000000
3594.87000000
22713.44675500
3594.87000000
3720.00000000
3594.23000000
3665.30000000
22171.57812300
3665.75000000
3693.73000000
3475.00000000
3539.28000000
27901.93859800
3539.26000000
3559.51000000
3475.50000000
3526.90000000
19644.43683900
3526.88000000
3608.50000000
3434.85000000
3570.93000000
29336.44296700
3570.41000000
3607.98000000
3514.50000000
3552.82000000
24938.84269800
3552.97000000
3589.00000000
3529.22000000
3569.62000000
20826.25118000
3569.07000000
3587.15000000
3522.51000000
3565.29000000
17608.34667100
3566.69000000
3662.94000000
3545.00000000
3565.25000000
19476.53234400
3565.62000000
3579.00000000
3486.00000000
3550.84000000
22735.59816200
3550.05000000
3557.75000000
3380.27000000
3434.15000000
40405.11140100
3434.00000000
3443.45000000
3349.92000000
3411.04000000
29544.92897700
3410.04000000
3478.00000000
3387.10000000
3458.18000000
23968.26024300
3457.50000000
3489.20000000
3418.80000000
3434.10000000
29607.19025300
3434.10000000
3488.00000000
3401.20000000
3462.07000000
25260.47615900
3462.20000000
3526.40000000
3440.29000000
3504.77000000
17920.80200000
3504.06000000
3511.09000000
3426.00000000
3458.11000000
19867.33639000
3458.11000000
3484.88000000
3433.31000000
3463.22000000
23131.98110800
3463.22000000
3478.97000000
3448.43000000
3471.59000000
25264.41503000
3471.57000000
3482.72000000
3380.00000000
3405.37000000
35310.24484600
3407.00000000
3426.45000000
3390.00000000
3398.40000000
18665.53863800
3398.40000000
3733.58000000
3373.10000000
3659.04000000
47968.05801300
3660.27000000
3680.02000000
3625.13000000
3665.18000000
24759.83371900
3665.18000000
3684.99000000
3609.76000000
3680.06000000
23250.60263400
3679.75000000
3684.90000000
3615.53000000
3631.05000000
24954.61457100
3631.05000000
3667.60000000
3582.34000000
3631.46000000
29479.59823000
3631.51000000
3670.00000000
3591.75000000
3609.40000000
25773.99764800
3608.34000000
3626.40000000
3568.11000000
3590.56000000
21753.50126100
3590.57000000
3653.23000000
3573.45000000
3602.47000000
20777.87289900
3602.49000000
3648.20000000
3597.91000000
3618.41000000
19565.99275100
3617.22000000
3700.11000000
3604.40000000
3667.58000000
25690.22777900
3667.62000000
3925.00000000
3655.00000000
3898.60000000
64042.73049200
3897.35000000
3994.52000000
3856.00000000
3907.79000000
50207.17266700
3907.35000000
3986.98000000
3870.66000000
3969.74000000
36205.14085000
3969.74000000
4016.48000000
3901.03000000
3937.31000000
31103.88472800
3937.31000000
3988.00000000
3926.65000000
3962.00000000
23943.16375000
3962.00000000
4162.02000000
3933.15000000
4117.76000000
33657.94288300
4118.00000000
4198.00000000
3712.66000000
3743.56000000
62224.18689000
3743.56000000
3872.66000000
3740.00000000
3827.92000000
38102.96624500
3828.44000000
3841.51000000
3777.00000000
3809.23000000
28838.74803600
3809.31000000
3838.85000000
3677.17000000
3818.07000000
31500.99546600
3818.04000000
3888.00000000
3763.87000000
3813.69000000
32561.96104400
3814.26000000
3857.00000000
3813.01000000
3823.00000000
23174.57217000
3822.17000000
3841.31000000
3772.25000000
3819.93000000
19445.83835500
3819.97000000
3835.00000000
3781.32000000
3807.75000000
16718.16541000
3807.32000000
3830.00000000
3670.69000000
3715.30000000
34742.84166000
3716.10000000
3877.10000000
3703.55000000
3857.73000000
32962.53616200
3857.58000000
3907.00000000
3813.09000000
3861.84000000
24775.11883000
3861.84000000
3905.40000000
3840.40000000
3873.64000000
26455.25766100
3873.63000000
3932.00000000
3800.00000000
3864.89000000
34730.36659200
3864.88000000
3971.75000000
3854.75000000
3943.04000000
30979.74765300
3943.43000000
3943.43000000
3881.69000000
3916.82000000
23187.56141200
3915.99000000
3936.98000000
3830.00000000
3871.61000000
38066.88570500
3871.61000000
3905.20000000
3826.06000000
3882.73000000
26921.00862200
3882.69000000
3893.56000000
3840.00000000
3866.00000000
24461.00875700
3866.00000000
3920.00000000
3810.43000000
3877.12000000
27048.74853000
3877.12000000
3939.22000000
3872.20000000
3923.76000000
21740.06149800
3924.46000000
4056.98000000
3921.98000000
4005.98000000
28568.37612400
4005.98000000
4012.00000000
3950.01000000
3981.14000000
18814.25557700
3981.85000000
4037.00000000
3953.33000000
3987.81000000
22454.47801000
3987.83000000
4031.00000000
3970.00000000
4015.53000000
19893.74181500
4017.48000000
4050.00000000
3980.50000000
4043.04000000
23432.30025500
4043.04000000
4069.32000000
3880.01000000
3980.64000000
35997.68211900
3980.85000000
4008.00000000
3968.25000000
3986.93000000
20022.60631800
3987.89000000
4018.83000000
3978.01000000
4006.01000000
17302.60431800
4006.01000000
4006.02000000
3950.00000000
3992.18000000
17179.85064800
3991.35000000
3999.30000000
3888.71000000
3936.12000000
33192.89021700
3935.47000000
3958.98000000
3894.00000000
3948.55000000
29349.53762700
3948.77000000
4048.00000000
3936.15000000
4038.05000000
32364.55585200
4039.58000000
4039.70000000
4002.00000000
4027.81000000
20089.29387500
4028.22000000
4123.71000000
4024.03000000
4103.25000000
30084.21744400
4104.24000000
4140.00000000
4052.00000000
4106.97000000
19509.29260100
4106.99000000
4116.12000000
4082.57000000
4103.95000000
13525.08743300
4102.44000000
4158.70000000
4067.00000000
4144.56000000
25507.06764100
4144.54000000
4897.99000000
4140.54000000
4857.29000000
105383.63926300
4857.19000000
5275.01000000
4753.50000000
4932.60000000
109890.12574300
4932.59000000
5039.08000000
4777.00000000
4898.66000000
61054.25416800
4898.64000000
5028.22000000
4880.62000000
5004.95000000
39768.55280600
5004.96000000
5205.00000000
4928.59000000
5043.89000000
41770.84231300
5042.07000000
5234.00000000
5026.00000000
5170.27000000
37615.48680400
5170.27000000
5305.00000000
5039.00000000
5236.90000000
50178.43078200
5238.38000000
5238.40000000
5076.68000000
5150.00000000
34067.01231100
5150.00000000
5422.00000000
5135.00000000
5308.25000000
40073.62047100
5307.86000000
5332.67000000
4927.00000000
5017.37000000
54696.60068600
5017.37000000
5080.58000000
4861.22000000
5048.01000000
33276.67861400
5047.00000000
5099.00000000
5004.00000000
5045.22000000
17292.45680200
5047.45000000
5152.99000000
5000.00000000
5131.30000000
18281.60773900
5131.28000000
5167.38000000
4950.00000000
5024.95000000
29057.19158100
5024.95000000
5197.72000000
5003.94000000
5173.72000000
24242.22949300
5173.72000000
5230.40000000
5146.80000000
5202.82000000
23307.53613400
5202.41000000
5287.00000000
5198.80000000
5258.44000000
22619.23900100
5258.44000000
5320.00000000
5175.00000000
5258.68000000
24611.23632300
5258.68000000
5333.42000000
5230.10000000
5291.73000000
19168.90827400
5292.91000000
5314.35000000
5165.00000000
5256.14000000
25549.57093900
