3937.31000000
3988.00000000
3926.65000000
3962.00000000
23943.16375000
3962.00000000
4162.02000000
3933.15000000
4117.76000000
33657.94288300
4118.00000000
4198.00000000
3712.66000000
3743.56000000
62224.18689000
3743.56000000
3872.66000000
3740.00000000
3827.92000000
38102.96624500
3828.44000000
3841.51000000
3777.00000000
3809.23000000
28838.74803600
3809.31000000
3838.85000000
3677.17000000
3818.07000000
31500.99546600
3818.04000000
3888.00000000
3763.87000000
3813.69000000
32561.96104400
3814.26000000
3857.00000000
3813.01000000
3823.00000000
23174.57217000
3822.17000000
3841.31000000
3772.25000000
3819.93000000
19445.83835500
3819.97000000
3835.00000000
3781.32000000
3807.75000000
16718.16541000
3807.32000000
3830.00000000
3670.69000000
3715.30000000
34742.84166000
3716.10000000
3877.10000000
3703.55000000
3857.73000000
32962.53616200
3857.58000000
3907.00000000
3813.09000000
3861.84000000
24775.11883000
3861.84000000
3905.40000000
3840.40000000
3873.64000000
26455.25766100
3873.63000000
3932.00000000
3800.00000000
3864.89000000
34730.36659200
3864.88000000
3971.75000000
3854.75000000
3943.04000000
30979.74765300
3943.43000000
3943.43000000
3881.69000000
3916.82000000
23187.56141200
3915.99000000
3936.98000000
3830.00000000
3871.61000000
38066.88570500
3871.61000000
3905.20000000
3826.06000000
3882.73000000
26921.00862200
3882.69000000
3893.56000000
3840.00000000
3866.00000000
24461.00875700
3866.00000000
3920.00000000
3810.43000000
3877.12000000
27048.74853000
3877.12000000
3939.22000000
3872.20000000
3923.76000000
21740.06149800
3924.46000000
4056.98000000
3921.98000000
4005.98000000
28568.37612400
4005.98000000
4012.00000000
3950.01000000
3981.14000000
18814.25557700
3981.85000000
4037.00000000
3953.33000000
3987.81000000
22454.47801000
3987.83000000
4031.00000000
3970.00000000
4015.53000000
19893.74181500
4017.48000000
4050.00000000
3980.50000000
4043.04000000
23432.30025500
4043.04000000
4069.32000000
3880.01000000
3980.64000000
35997.68211900
3980.85000000
4008.00000000
3968.25000000
3986.93000000
20022.60631800
3987.89000000
4018.83000000
3978.01000000
4006.01000000
17302.60431800
4006.01000000
4006.02000000
3950.00000000
3992.18000000
17179.85064800
3991.35000000
3999.30000000
3888.71000000
3936.12000000
33192.89021700
3935.47000000
3958.98000000
3894.00000000
3948.55000000
29349.53762700
3948.77000000
4048.00000000
3936.15000000
4038.05000000
32364.55585200
4039.58000000
4039.70000000
4002.00000000
4027.81000000
20089.29387500
4028.22000000
4123.71000000
4024.03000000
4103.25000000
30084.21744400
4104.24000000
4140.00000000
4052.00000000
4106.97000000
19509.29260100
4106.99000000
4116.12000000
4082.57000000
4103.95000000
13525.08743300
4102.44000000
4158.70000000
4067.00000000
4144.56000000
25507.06764100
4144.54000000
4897.99000000
4140.54000000
4857.29000000
105383.63926300
4857.19000000
5275.01000000
4753.50000000
4932.60000000
109890.12574300
4932.59000000
5039.08000000
4777.00000000
4898.66000000
61054.25416800
4898.64000000
5028.22000000
4880.62000000
5004.95000000
39768.55280600
5004.96000000
5205.00000000
4928.59000000
5043.89000000
41770.84231300
5042.07000000
5234.00000000
5026.00000000
5170.27000000
37615.48680400
5170.27000000
5305.00000000
5039.00000000
5236.90000000
50178.43078200
5238.38000000
5238.40000000
5076.68000000
5150.00000000
34067.01231100
5150.00000000
5422.00000000
5135.00000000
5308.25000000
40073.62047100
5307.86000000
5332.67000000
4927.00000000
5017.37000000
54696.60068600
5017.37000000
5080.58000000
4861.22000000
5048.01000000
33276.67861400
5047.00000000
5099.00000000
5004.00000000
5045.22000000
17292.45680200
5047.45000000
5152.99000000
5000.00000000
5131.30000000
18281.60773900
5131.28000000
5167.38000000
4950.00000000
5024.95000000
29057.19158100
5024.95000000
5197.72000000
5003.94000000
5173.72000000
24242.22949300
5173.72000000
5230.40000000
5146.80000000
5202.82000000
23307.53613400
5202.41000000
5287.00000000
5198.80000000
5258.44000000
22619.23900100
5258.44000000
5320.00000000
5175.00000000
5258.68000000
24611.23632300
5258.68000000
5333.42000000
5230.10000000
5291.73000000
19168.90827400
5292.91000000
5314.35000000
5165.00000000
5256.14000000
25549.57093900
5257.41000000
5400.00000000
5208.35000000
5357.14000000
29563.85230900
5357.14000000
5600.00000000
5332.41000000
5493.31000000
41262.10391700
5490.91000000
5582.20000000
5333.35000000
5415.00000000
48224.15241300
5415.00000000
5491.84000000
5102.00000000
5219.90000000
49636.08994800
5220.47000000
5510.00000000
5161.62000000
5314.10000000
48912.29451300
5315.00000000
5342.50000000
5257.67000000
5295.69000000
15422.89693500
5295.69000000
5340.00000000
5259.48000000
5307.52000000
14371.43386900
5309.81000000
5332.00000000
5178.80000000
5238.14000000
19918.13507900
5238.14000000
5339.98000000
5192.15000000
5320.81000000
22238.06823000
5321.94000000
5402.00000000
5316.20000000
5383.20000000
17217.47321600
5383.20000000
5538.00000000
5370.00000000
5492.87000000
22795.78783500
5494.81000000
5844.00000000
5477.57000000
5772.69000000
46297.17284900
5770.62000000
5900.00000000
5587.45000000
5829.45000000
39682.40899100
5829.83000000
5839.90000000
5696.00000000
5775.62000000
23822.54377500
5773.18000000
5805.00000000
5619.14000000
5747.79000000
25256.59632500
5749.92000000
6028.41000000
5747.74000000
5846.34000000
39905.06442200
5846.34000000
6014.72000000
5772.20000000
5987.29000000
23074.05152000
5986.66000000
6224.55000000
5983.71000000
6209.18000000
27453.01143600
6209.95000000
6468.92000000
6172.00000000
6373.33000000
36623.61079000
6375.16000000
7343.99000000
6372.85000000
7076.22000000
74022.42439300
7076.24000000
7521.78000000
6750.00000000
6967.31000000
86948.97533900
6968.24000000
8100.00000000
6870.00000000
7790.71000000
85804.73533300
7795.62000000
8366.00000000
7599.56000000
7947.56000000
76583.72260300
7945.26000000
8249.00000000
7850.00000000
8169.87000000
37884.32721100
8169.08000000
8320.00000000
7705.00000000
7866.59000000
69630.51399600
7868.67000000
7925.00000000
6913.00000000
7355.26000000
88752.00815900
7355.28000000
7458.00000000
7156.61000000
7257.45000000
37054.94477900
7257.32000000
8275.09000000
7243.08000000
8148.48000000
65577.44205800
8147.94000000
8156.03000000
7553.00000000
7938.15000000
65859.20856400
7937.16000000
8042.32000000
7771.00000000
7904.87000000
52301.75224700
7904.48000000
8016.00000000
7465.00000000
7628.43000000
49136.99458900
7627.80000000
7940.98000000
7461.00000000
7851.51000000
49648.18470100
7849.95000000
8130.00000000
7766.00000000
7964.87000000
46664.78532500
7964.52000000
8091.80000000
7908.34000000
8025.41000000
28414.32881700
8023.00000000
8740.00000000
7833.42000000
8614.43000000
49652.14456700
8612.54000000
8908.32000000
8589.00000000
8756.32000000
51886.76879300
8752.52000000
8798.49000000
8510.63000000
8715.64000000
31470.55153400
8716.87000000
8750.00000000
8406.60000000
8645.68000000
33880.86592200
8646.50000000
9074.26000000
8005.00000000
8269.54000000
70379.99852100
8267.10000000
8594.00000000
8108.50000000
8555.00000000
44727.49162000
8555.00000000
8626.00000000
8442.36000000
8544.07000000
31868.23415700
8545.10000000
8814.78000000
8524.00000000
8725.98000000
27835.13326500
8726.00000000
8800.95000000
8080.80000000
8115.82000000
45692.96510400
8115.66000000
8115.66000000
7481.02000000
7687.03000000
74143.94894100
7687.04000000
7896.70000000
7572.78000000
7776.50000000
48679.65645500
7778.08000000
7868.13000000
7444.58000000
7786.70000000
36624.11874700
7787.57000000
8100.00000000
7737.49000000
7980.53000000
33942.22565800
7978.94000000
8044.65000000
7751.00000000
7893.62000000
22657.32963400
7895.28000000
7935.00000000
7506.66000000
7628.13000000
31568.46515700
7627.57000000
8020.00000000
7511.00000000
7982.75000000
36756.07846800
7981.00000000
8010.00000000
7692.23000000
7884.90000000
30334.99942700
7884.90000000
8200.00000000
7788.99000000
8127.64000000
41597.08262200
8127.64000000
8309.82000000
8010.03000000
8218.54000000
30467.76434100
8216.44000000
8684.41000000
8144.32000000
8650.00000000
39835.24625500
8650.88000000
8864.99000000
8567.63000000
8808.70000000
31791.63603900
8810.77000000
9333.00000000
8760.00000000
8953.33000000
63289.25121900
8953.00000000
9444.00000000
8950.00000000
9313.96000000
47895.48537400
9312.13000000
9336.36000000
8950.00000000
9081.55000000
51554.56940100
9081.97000000
9304.00000000
8960.00000000
9255.49000000
32147.70649500
9253.76000000
9590.00000000
9175.20000000
9517.12000000
34556.05398200
9518.06000000
10174.99000000
9518.06000000
10159.86000000
50484.41589200
10159.86000000
11160.00000000
9921.72000000
10729.50000000
104169.44797600
10729.00000000
11392.64000000
10555.18000000
10906.07000000
57445.32394500
10905.95000000
11143.63000000
10620.80000000
11056.59000000
43101.04528500
11056.59000000
11850.00000000
11026.00000000
11820.86000000
61276.68664800
11821.28000000
13970.00000000
11741.00000000
13093.80000000
155930.14738600
13098.38000000
13478.04000000
10525.10000000
11329.99000000
173894.82088900
11329.99000000
12480.00000000
10982.88000000
12400.63000000
95795.20396400
12407.06000000
12441.54000000
11475.02000000
11903.13000000
69642.07415700
11903.13000000
12180.00000000
10766.03000000
10854.10000000
84512.53044300
10854.10000000
11282.28000000
10030.00000000
10624.93000000
90962.26827100
