4106.99000000
4116.12000000
4082.57000000
4103.95000000
13525.08743300
4102.44000000
4158.70000000
4067.00000000
4144.56000000
25507.06764100
4144.54000000
4897.99000000
4140.54000000
4857.29000000
105383.63926300
4857.19000000
5275.01000000
4753.50000000
4932.60000000
109890.12574300
4932.59000000
5039.08000000
4777.00000000
4898.66000000
61054.25416800
4898.64000000
5028.22000000
4880.62000000
5004.95000000
39768.55280600
5004.96000000
5205.00000000
4928.59000000
5043.89000000
41770.84231300
5042.07000000
5234.00000000
5026.00000000
5170.27000000
37615.48680400
5170.27000000
5305.00000000
5039.00000000
5236.90000000
50178.43078200
5238.38000000
5238.40000000
5076.68000000
5150.00000000
34067.01231100
5150.00000000
5422.00000000
5135.00000000
5308.25000000
40073.62047100
5307.86000000
5332.67000000
4927.00000000
5017.37000000
54696.60068600
5017.37000000
5080.58000000
4861.22000000
5048.01000000
33276.67861400
5047.00000000
5099.00000000
5004.00000000
5045.22000000
17292.45680200
5047.45000000
5152.99000000
5000.00000000
5131.30000000
18281.60773900
5131.28000000
5167.38000000
4950.00000000
5024.95000000
29057.19158100
5024.95000000
5197.72000000
5003.94000000
5173.72000000
24242.22949300
5173.72000000
5230.40000000
5146.80000000
5202.82000000
23307.53613400
5202.41000000
5287.00000000
5198.80000000
5258.44000000
22619.23900100
5258.44000000
5320.00000000
5175.00000000
5258.68000000
24611.23632300
5258.68000000
5333.42000000
5230.10000000
5291.73000000
19168.90827400
5292.91000000
5314.35000000
5165.00000000
5256.14000000
25549.57093900
5257.41000000
5400.00000000
5208.35000000
5357.14000000
29563.85230900
5357.14000000
5600.00000000
5332.41000000
5493.31000000
41262.10391700
5490.91000000
5582.20000000
5333.35000000
5415.00000000
48224.15241300
5415.00000000
5491.84000000
5102.00000000
5219.90000000
49636.08994800
5220.47000000
5510.00000000
5161.62000000
5314.10000000
48912.29451300
5315.00000000
5342.50000000
5257.67000000
5295.69000000
15422.89693500
5295.69000000
5340.00000000
5259.48000000
5307.52000000
14371.43386900
5309.81000000
5332.00000000
5178.80000000
5238.14000000
19918.13507900
5238.14000000
5339.98000000
5192.15000000
5320.81000000
22238.06823000
5321.94000000
5402.00000000
5316.20000000
5383.20000000
17217.47321600
5383.20000000
5538.00000000
5370.00000000
5492.87000000
22795.78783500
5494.81000000
5844.00000000
5477.57000000
5772.69000000
46297.17284900
5770.62000000
5900.00000000
5587.45000000
5829.45000000
39682.40899100
5829.83000000
5839.90000000
5696.00000000
5775.62000000
23822.54377500
5773.18000000
5805.00000000
5619.14000000
5747.79000000
25256.59632500
5749.92000000
6028.41000000
5747.74000000
5846.34000000
39905.06442200
5846.34000000
6014.72000000
5772.20000000
5987.29000000
23074.05152000
5986.66000000
6224.55000000
5983.71000000
6209.18000000
27453.01143600
6209.95000000
6468.92000000
6172.00000000
6373.33000000
36623.61079000
6375.16000000
7343.99000000
6372.85000000
7076.22000000
74022.42439300
7076.24000000
7521.78000000
6750.00000000
6967.31000000
86948.97533900
6968.24000000
8100.00000000
6870.00000000
7790.71000000
85804.73533300
7795.62000000
8366.00000000
7599.56000000
7947.56000000
76583.72260300
7945.26000000
8249.00000000
7850.00000000
8169.87000000
37884.32721100
8169.08000000
8320.00000000
7705.00000000
7866.59000000
69630.51399600
7868.67000000
7925.00000000
6913.00000000
7355.26000000
88752.00815900
7355.28000000
7458.00000000
7156.61000000
7257.45000000
37054.94477900
7257.32000000
8275.09000000
7243.08000000
8148.48000000
65577.44205800
8147.94000000
8156.03000000
7553.00000000
7938.15000000
65859.20856400
7937.16000000
8042.32000000
7771.00000000
7904.87000000
52301.75224700
7904.48000000
8016.00000000
7465.00000000
7628.43000000
49136.99458900
7627.80000000
7940.98000000
7461.00000000
7851.51000000
49648.18470100
7849.95000000
8130.00000000
7766.00000000
7964.87000000
46664.78532500
7964.52000000
8091.80000000
7908.34000000
8025.41000000
28414.32881700
8023.00000000
8740.00000000
7833.42000000
8614.43000000
49652.14456700
8612.54000000
8908.32000000
8589.00000000
8756.32000000
51886.76879300
8752.52000000
8798.49000000
8510.63000000
8715.64000000
31470.55153400
8716.87000000
8750.00000000
8406.60000000
8645.68000000
33880.86592200
8646.50000000
9074.26000000
8005.00000000
8269.54000000
70379.99852100
8267.10000000
8594.00000000
8108.50000000
8555.00000000
44727.49162000
8555.00000000
8626.00000000
8442.36000000
8544.07000000
31868.23415700
8545.10000000
8814.78000000
8524.00000000
8725.98000000
27835.13326500
8726.00000000
8800.95000000
8080.80000000
8115.82000000
45692.96510400
8115.66000000
8115.66000000
7481.02000000
7687.03000000
74143.94894100
7687.04000000
7896.70000000
7572.78000000
7776.50000000
48679.65645500
7778.08000000
7868.13000000
7444.58000000
7786.70000000
36624.11874700
7787.57000000
8100.00000000
7737.49000000
7980.53000000
33942.22565800
7978.94000000
8044.65000000
7751.00000000
7893.62000000
22657.32963400
7895.28000000
7935.00000000
7506.66000000
7628.13000000
31568.46515700
7627.57000000
8020.00000000
7511.00000000
7982.75000000
36756.07846800
7981.00000000
8010.00000000
7692.23000000
7884.90000000
30334.99942700
7884.90000000
8200.00000000
7788.99000000
8127.64000000
41597.08262200
8127.64000000
8309.82000000
8010.03000000
8218.54000000
30467.76434100
8216.44000000
8684.41000000
8144.32000000
8650.00000000
39835.24625500
8650.88000000
8864.99000000
8567.63000000
8808.70000000
31791.63603900
8810.77000000
9333.00000000
8760.00000000
8953.33000000
63289.25121900
8953.00000000
9444.00000000
8950.00000000
9313.96000000
47895.48537400
9312.13000000
9336.36000000
8950.00000000
9081.55000000
51554.56940100
9081.97000000
9304.00000000
8960.00000000
9255.49000000
32147.70649500
9253.76000000
9590.00000000
9175.20000000
9517.12000000
34556.05398200
9518.06000000
10174.99000000
9518.06000000
10159.86000000
50484.41589200
10159.86000000
11160.00000000
9921.72000000
10729.50000000
104169.44797600
10729.00000000
11392.64000000
10555.18000000
10906.07000000
57445.32394500
10905.95000000
11143.63000000
10620.80000000
11056.59000000
43101.04528500
11056.59000000
11850.00000000
11026.00000000
11820.86000000
61276.68664800
11821.28000000
13970.00000000
11741.00000000
13093.80000000
155930.14738600
13098.38000000
13478.04000000
10525.10000000
11329.99000000
173894.82088900
11329.99000000
12480.00000000
10982.88000000
12400.63000000
95795.20396400
12407.06000000
12441.54000000
11475.02000000
11903.13000000
69642.07415700
11903.13000000
12180.00000000
10766.03000000
10854.10000000
84512.53044300
10854.10000000
11282.28000000
10030.00000000
10624.93000000
90962.26827100
10624.90000000
10938.75000000
9727.00000000
10842.85000000
109561.03872800
10844.98000000
11991.89000000
10841.04000000
11940.00000000
96815.90029000
11940.00000000
12000.00000000
11055.00000000
11145.67000000
66512.22189200
11145.67000000
11406.83000000
10796.44000000
10970.73000000
63534.35058200
10982.41000000
11665.00000000
10964.51000000
11256.49000000
51469.49633100
11256.45000000
11538.00000000
11094.37000000
11406.24000000
38884.79559900
11410.00000000
12338.03000000
11220.00000000
12238.60000000
52182.36721500
12238.60000000
12794.73000000
12068.00000000
12543.41000000
78442.13034300
12548.51000000
13147.08000000
11569.00000000
12108.37000000
109246.04499700
12108.11000000
12111.73000000
11000.00000000
11342.89000000
87506.46105800
11342.88000000
11885.00000000
11073.00000000
11757.22000000
56321.85828100
11757.22000000
11799.98000000
10830.00000000
11355.76000000
54245.59454800
11355.78000000
11452.00000000
10103.00000000
10174.18000000
72517.57923600
10174.18000000
11100.00000000
9860.00000000
10838.72000000
81922.42633200
10833.78000000
11028.00000000
9350.01000000
9439.59000000
97219.44341300
9430.17000000
9957.00000000
9060.00000000
9667.92000000
84942.67271700
9668.86000000
10788.00000000
9252.00000000
10627.16000000
80283.31025200
10628.64000000
10769.71000000
10121.84000000
10504.29000000
56546.93213300
10505.78000000
11068.99000000
10350.00000000
10740.23000000
47331.89984800
10740.27000000
10817.90000000
10288.00000000
10589.45000000
38834.28793500
10590.15000000
10683.16000000
10100.00000000
10340.31000000
40467.95483900
10343.08000000
10343.97000000
9822.00000000
9864.91000000
47624.37071000
9864.78000000
9937.00000000
9525.00000000
9763.28000000
43475.38037700
9763.40000000
10175.00000000
9720.03000000
9879.87000000
37873.35472800
9882.15000000
9889.98000000
9637.00000000
9824.00000000
27167.46321700
9824.00000000
10188.66000000
9333.00000000
9476.52000000
43809.77830100
9478.92000000
9594.99000000
9165.00000000
9541.54000000
29401.02293700
9541.54000000
9729.00000000
9395.00000000
9507.64000000
29021.93741100
9509.07000000
9714.28000000
9402.00000000
9574.21000000
32536.36883400
9575.00000000
10109.80000000
9555.00000000
10080.53000000
39515.35456000
10080.53000000
10467.86000000
9863.46000000
10374.99000000
41727.63702800
10375.00000000
10670.00000000
10281.35000000
10523.75000000
42990.44422100
10523.75000000
10904.77000000
10497.93000000
10816.86000000
33802.31882400
10816.86000000
11040.00000000
10552.00000000
10929.23000000
39924.74514100
10929.99000000
11937.52000000
10927.80000000
11828.80000000
65153.67371300
11830.00000000
12330.70000000
11226.70000000
11481.69000000
76705.38987500
11481.69000000
12141.17000000
11382.84000000
11975.03000000
69173.39035300
