8216.44000000
8684.41000000
8144.32000000
8650.00000000
39835.24625500
8650.88000000
8864.99000000
8567.63000000
8808.70000000
31791.63603900
8810.77000000
9333.00000000
8760.00000000
8953.33000000
63289.25121900
8953.00000000
9444.00000000
8950.00000000
9313.96000000
47895.48537400
9312.13000000
9336.36000000
8950.00000000
9081.55000000
51554.56940100
9081.97000000
9304.00000000
8960.00000000
9255.49000000
32147.70649500
9253.76000000
9590.00000000
9175.20000000
9517.12000000
34556.05398200
9518.06000000
10174.99000000
9518.06000000
10159.86000000
50484.41589200
10159.86000000
11160.00000000
9921.72000000
10729.50000000
104169.44797600
10729.00000000
11392.64000000
10555.18000000
10906.07000000
57445.32394500
10905.95000000
11143.63000000
10620.80000000
11056.59000000
43101.04528500
11056.59000000
11850.00000000
11026.00000000
11820.86000000
61276.68664800
11821.28000000
13970.00000000
11741.00000000
13093.80000000
155930.14738600
13098.38000000
13478.04000000
10525.10000000
11329.99000000
173894.82088900
11329.99000000
12480.00000000
10982.88000000
12400.63000000
95795.20396400
12407.06000000
12441.54000000
11475.02000000
11903.13000000
69642.07415700
11903.13000000
12180.00000000
10766.03000000
10854.10000000
84512.53044300
10854.10000000
11282.28000000
10030.00000000
10624.93000000
90962.26827100
10624.90000000
10938.75000000
9727.00000000
10842.85000000
109561.03872800
10844.98000000
11991.89000000
10841.04000000
11940.00000000
96815.90029000
11940.00000000
12000.00000000
11055.00000000
11145.67000000
66512.22189200
11145.67000000
11406.83000000
10796.44000000
10970.73000000
63534.35058200
10982.41000000
11665.00000000
10964.51000000
11256.49000000
51469.49633100
11256.45000000
11538.00000000
11094.37000000
11406.24000000
38884.79559900
11410.00000000
12338.03000000
11220.00000000
12238.60000000
52182.36721500
12238.60000000
12794.73000000
12068.00000000
12543.41000000
78442.13034300
12548.51000000
13147.08000000
11569.00000000
12108.37000000
109246.04499700
12108.11000000
12111.73000000
11000.00000000
11342.89000000
87506.46105800
11342.88000000
11885.00000000
11073.00000000
11757.22000000
56321.85828100
11757.22000000
11799.98000000
10830.00000000
11355.76000000
54245.59454800
11355.78000000
11452.00000000
10103.00000000
10174.18000000
72517.57923600
10174.18000000
11100.00000000
9860.00000000
10838.72000000
81922.42633200
10833.78000000
11028.00000000
9350.01000000
9439.59000000
97219.44341300
9430.17000000
9957.00000000
9060.00000000
9667.92000000
84942.67271700
9668.86000000
10788.00000000
9252.00000000
10627.16000000
80283.31025200
10628.64000000
10769.71000000
10121.84000000
10504.29000000
56546.93213300
10505.78000000
11068.99000000
10350.00000000
10740.23000000
47331.89984800
10740.27000000
10817.90000000
10288.00000000
10589.45000000
38834.28793500
10590.15000000
10683.16000000
10100.00000000
10340.31000000
40467.95483900
10343.08000000
10343.97000000
9822.00000000
9864.91000000
47624.37071000
9864.78000000
9937.00000000
9525.00000000
9763.28000000
43475.38037700
9763.40000000
10175.00000000
9720.03000000
9879.87000000
37873.35472800
9882.15000000
9889.98000000
9637.00000000
9824.00000000
27167.46321700
9824.00000000
10188.66000000
9333.00000000
9476.52000000
43809.77830100
9478.92000000
9594.99000000
9165.00000000
9541.54000000
29401.02293700
9541.54000000
9729.00000000
9395.00000000
9507.64000000
29021.93741100
9509.07000000
9714.28000000
9402.00000000
9574.21000000
32536.36883400
9575.00000000
10109.80000000
9555.00000000
10080.53000000
39515.35456000
10080.53000000
10467.86000000
9863.46000000
10374.99000000
41727.63702800
10375.00000000
10670.00000000
10281.35000000
10523.75000000
42990.44422100
10523.75000000
10904.77000000
10497.93000000
10816.86000000
33802.31882400
10816.86000000
11040.00000000
10552.00000000
10929.23000000
39924.74514100
10929.99000000
11937.52000000
10927.80000000
11828.80000000
65153.67371300
11830.00000000
12330.70000000
11226.70000000
11481.69000000
76705.38987500
11481.69000000
12141.17000000
11382.84000000
11975.03000000
69173.39035300
11975.04000000
12060.00000000
11521.00000000
11999.77000000
51207.25717400
11994.17000000
12045.68000000
11700.00000000
11879.99000000
39427.15258800
11879.98000000
11985.00000000
11270.00000000
11309.31000000
42633.08704800
11309.24000000
11600.00000000
11112.11000000
11549.97000000
26772.90691000
11539.08000000
11577.89000000
11235.32000000
11396.08000000
17568.22707500
11398.35000000
11456.16000000
10788.45000000
10892.71000000
33234.72968000
10893.36000000
10897.48000000
9928.10000000
10050.37000000
54451.84749900
10055.16000000
10460.00000000
9911.00000000
10293.93000000
38174.45112000
10296.77000000
10536.03000000
9750.00000000
10331.54000000
51758.14291800
10331.15000000
10465.14000000
10000.00000000
10216.02000000
29000.58120100
10216.05000000
10500.00000000
10080.00000000
10306.78000000
24085.39517200
10306.17000000
10930.00000000
10258.60000000
10915.54000000
37243.31921700
10914.73000000
10949.96000000
10560.00000000
10760.51000000
32298.92167900
10760.51000000
10804.13000000
9858.00000000
10142.57000000
47355.71928200
10140.82000000
10242.00000000
9762.00000000
10099.88000000
34059.64273800
10099.90000000
10445.00000000
10019.79000000
10389.55000000
27550.33617300
10388.16000000
10419.42000000
9890.00000000
10134.35000000
27692.45684400
10134.61000000
10333.00000000
9906.97000000
10142.69000000
26271.65739800
10142.69000000
10604.00000000
10137.93000000
10372.25000000
41687.51159900
10373.60000000
10391.08000000
10051.08000000
10185.05000000
28402.77538300
10185.69000000
10299.00000000
9601.01000000
9721.00000000
42110.55537500
9721.00000000
9724.00000000
9320.00000000
9498.44000000
35532.69491000
9499.01000000
9696.00000000
9350.41000000
9584.54000000
26834.31810400
9582.76000000
9684.51000000
9420.75000000
9587.47000000
17130.29007400
9588.74000000
9830.00000000
9520.00000000
9724.98000000
19545.40484300
9723.59000000
10450.00000000
9712.50000000
10340.00000000
44740.24809300
10340.00000000
10773.00000000
10272.00000000
10615.28000000
47998.37678100
10611.85000000
10799.00000000
10369.89000000
10567.02000000
43943.88902600
10565.92000000
10900.00000000
10450.00000000
10564.49000000
33970.96063900
10563.13000000
10905.87000000
10150.00000000
10298.73000000
58799.64095900
10298.71000000
10558.00000000
10288.57000000
10455.88000000
27637.87739200
10455.90000000
10592.50000000
10208.00000000
10381.18000000
23984.67201800
10381.24000000
10480.00000000
10068.50000000
10303.12000000
39835.72760800
10302.58000000
10384.99000000
9953.00000000
10098.15000000
28915.41222500
10098.19000000
10293.00000000
9880.00000000
10158.33000000
31953.82456200
10158.75000000
10448.81000000
10040.00000000
10415.01000000
34511.16275500
10415.01000000
10439.00000000
10153.00000000
10342.06000000
30280.33977600
10344.13000000
10419.99000000
10222.33000000
10335.02000000
23621.53351900
10332.81000000
10360.00000000
10252.15000000
10302.01000000
18047.65401300
10303.34000000
10355.00000000
10078.00000000
10251.31000000
28971.40165700
10249.68000000
10275.00000000
10128.01000000
10187.82000000
22914.32456300
10187.48000000
10258.02000000
10100.00000000
10156.99000000
24250.24930300
10156.41000000
10325.00000000
9653.00000000
10244.29000000
44826.28257900
10243.70000000
10281.00000000
10061.39000000
10168.59000000
25088.49106900
10167.92000000
10176.70000000
9900.00000000
9986.39000000
20544.17519600
9985.15000000
10089.00000000
9853.97000000
10028.87000000
22049.27525600
10028.05000000
10049.99000000
9615.77000000
9702.25000000
31937.23235600
9702.20000000
9794.99000000
7800.00000000
8493.14000000
94007.34520300
8497.55000000
8730.00000000
8215.64000000
8430.05000000
60783.89225800
8430.05000000
8465.99000000
7750.00000000
8063.73000000
67930.85374900
8063.49000000
8265.00000000
7852.15000000
8177.91000000
43882.92462500
8177.47000000
8315.00000000
8001.09000000
8198.81000000
34473.60516500
8199.38000000
8229.13000000
7890.00000000
8043.82000000
31544.21138800
8043.04000000
8337.26000000
7710.00000000
8289.34000000
55865.48726000
8289.97000000
8500.00000000
8173.05000000
8292.44000000
43472.41809100
8292.67000000
8373.91000000
8151.22000000
8359.94000000
26243.38664400
8360.00000000
8393.00000000
8060.00000000
8223.96000000
30488.28405800
8224.43000000
8232.41000000
8005.00000000
8137.13000000
26476.33040400
8137.09000000
8183.41000000
8012.98000000
8126.19000000
21907.61556400
8127.55000000
8153.87000000
7785.00000000
7854.25000000
34676.10404900
7855.30000000
8299.92000000
7762.00000000
8190.09000000
52202.07229700
8190.82000000
8325.00000000
8088.75000000
8168.39000000
35452.65742300
8170.79000000
8670.00000000
8115.00000000
8560.74000000
55038.70437800
8562.15000000
8644.00000000
8414.52000000
8558.03000000
39137.94616700
8557.82000000
8779.51000000
8212.38000000
8258.50000000
50405.28441800
8257.95000000
8400.00000000
8250.00000000
8300.09000000
21339.33409800
8301.98000000
8451.37000000
8160.00000000
8275.01000000
27840.73995300
8275.24000000
8388.85000000
8203.00000000
8348.20000000
29810.66325300
8346.86000000
8403.00000000
8090.00000000
8159.29000000
32773.06247600
8159.30000000
8181.16000000
7917.00000000
7991.74000000
34733.59396600
7995.02000000
8124.92000000
7929.03000000
8070.58000000
29656.94915800
8070.71000000
8115.00000000
7816.01000000
7947.01000000
31353.18141600
7946.89000000
8098.10000000
7866.92000000
7948.01000000
26627.88938800
7949.87000000
8297.00000000
7870.00000000
8223.35000000
34286.45265400
8223.35000000
8333.00000000
8142.03000000
8197.27000000
30448.67953900
