9196.46000000
9513.68000000
9115.84000000
9393.35000000
45894.45627700
9392.40000000
9454.95000000
9175.76000000
9308.66000000
45935.87366500
9307.73000000
9440.91000000
9250.01000000
9339.05000000
37336.17037200
9339.16000000
9375.00000000
9101.00000000
9216.20000000
39117.47085300
9214.00000000
9261.00000000
8696.00000000
8773.73000000
62107.28924300
8773.74000000
8880.00000000
8724.88000000
8809.41000000
29469.48140500
8809.18000000
9147.19000000
8750.00000000
9039.47000000
34422.02979700
9040.16000000
9072.32000000
8618.68000000
8733.27000000
44888.05354500
8733.36000000
8888.00000000
8567.60000000
8821.94000000
40366.62947100
8821.91000000
8844.99000000
8702.00000000
8777.12000000
26810.11691800
8777.54000000
8800.00000000
8582.60000000
8646.68000000
33468.46896100
8646.38000000
8790.00000000
8400.00000000
8471.73000000
46087.41775100
8471.62000000
8543.00000000
8400.00000000
8491.02000000
20902.29975200
8490.74000000
8635.00000000
8350.68000000
8502.40000000
27009.03708200
8502.87000000
8503.52000000
8060.00000000
8187.17000000
43017.69094000
8186.50000000
8218.63000000
8003.00000000
8133.64000000
43556.06102500
8133.83000000
8264.29000000
8038.40000000
8098.01000000
32466.23098000
8098.56000000
8134.73000000
7500.00000000
7627.74000000
58418.78026100
7627.79000000
7750.00000000
6790.00000000
7268.23000000
126603.14025900
7268.23000000
7344.48000000
7080.01000000
7311.57000000
50449.89475500
7311.10000000
7330.39000000
6861.00000000
6903.28000000
67890.20648300
6900.23000000
7377.69000000
6515.00000000
7109.57000000
119645.73519700
7109.99000000
7340.00000000
7017.48000000
7156.14000000
65722.39769000
7154.75000000
7655.00000000
6840.00000000
7508.52000000
92452.87349000
7507.90000000
7643.00000000
7360.00000000
7419.49000000
56933.98110900
7418.52000000
7850.00000000
7362.30000000
7739.68000000
60745.30087300
7740.99000000
7810.00000000
7441.00000000
7541.89000000
46989.43361900
7540.63000000
7541.85000000
7210.00000000
7390.89000000
60769.34231300
7391.50000000
7420.56000000
7151.10000000
7294.28000000
46330.25604000
7294.42000000
7400.00000000
7241.35000000
7292.71000000
33149.47748700
7292.71000000
7750.00000000
7067.00000000
7194.32000000
83147.14914200
7194.59000000
7485.00000000
7150.00000000
7389.00000000
59306.67885500
7389.00000000
7590.03000000
7305.00000000
7527.47000000
48189.08794400
7527.80000000
7619.62000000
7470.16000000
7488.21000000
31498.68417300
7487.31000000
7564.00000000
7374.86000000
7510.11000000
29856.89763100
7510.11000000
7650.00000000
7273.00000000
7338.64000000
46621.88749300
7338.64000000
7407.60000000
7157.10000000
7224.13000000
49723.76214000
7224.15000000
7275.50000000
7125.66000000
7210.00000000
30093.09194400
7210.00000000
7295.00000000
7080.30000000
7198.08000000
42288.60093200
7197.76000000
7309.05000000
7190.76000000
7258.48000000
27609.87379500
7257.37000000
7271.77000000
7012.00000000
7064.05000000
29561.98596700
7064.14000000
7200.30000000
7008.35000000
7118.59000000
26395.77813700
7119.60000000
7150.00000000
6836.00000000
6891.72000000
43863.99305900
6891.44000000
6942.21000000
6560.00000000
6623.82000000
53865.06992900
6623.84000000
7440.00000000
6435.00000000
7277.83000000
95636.65125100
7277.83000000
7380.00000000
7038.31000000
7150.30000000
55509.04907500
7151.31000000
7220.00000000
7079.50000000
7187.83000000
32132.06920500
7188.01000000
7190.58000000
7105.00000000
7132.75000000
19467.17402800
7131.59000000
7518.54000000
7122.47000000
7501.44000000
39137.45515000
7500.71000000
7695.38000000
7265.84000000
7317.09000000
68051.99720300
7317.30000000
7436.68000000
7157.04000000
7255.77000000
43629.49418800
7255.77000000
7271.77000000
7128.86000000
7204.63000000
27492.04432300
7205.01000000
7435.00000000
7157.12000000
7202.00000000
36259.76107600
7202.00000000
7275.86000000
7076.42000000
7254.74000000
33642.70186100
7254.77000000
7365.01000000
7238.67000000
7316.14000000
26848.98219900
7315.36000000
7528.45000000
7288.00000000
7388.24000000
31387.10608500
7388.43000000
7408.24000000
7220.00000000
7246.00000000
29605.91178200
7246.00000000
7320.00000000
7145.01000000
7195.23000000
25954.45353300
7195.24000000
7255.00000000
7175.15000000
7200.85000000
16792.38816500
7200.77000000
7212.50000000
6924.74000000
6965.71000000
31951.48393200
6965.49000000
7405.00000000
6871.04000000
7344.96000000
68428.50045100
7345.00000000
7404.00000000
7272.21000000
7354.11000000
29987.97497700
7354.19000000
7495.00000000
7318.00000000
7358.75000000
38331.08560400
7357.64000000
7795.34000000
7346.76000000
7758.00000000
54635.69531600
7758.90000000
8207.68000000
7723.71000000
8145.28000000
91171.68466100
8145.92000000
8455.00000000
7870.00000000
8055.98000000
112622.64264000
8054.72000000
8055.96000000
7750.00000000
7817.76000000
64239.51983000
7817.74000000
8199.00000000
7672.00000000
8197.02000000
82406.77744800
8198.86000000
8286.34000000
8003.16000000
8020.01000000
54810.03266700
8020.01000000
8197.00000000
7960.00000000
8184.98000000
38131.49433600
8184.97000000
8196.00000000
8055.89000000
8110.34000000
31159.75568300
8110.34000000
8880.00000000
8105.54000000
8810.01000000
120399.12674200
8814.64000000
8916.48000000
8564.00000000
8821.41000000
84816.29760600
8820.01000000
8859.81000000
8586.00000000
8720.01000000
51991.07428400
8720.15000000
9041.65000000
8672.44000000
8913.28000000
70897.73737700
8913.27000000
8988.88000000
8806.38000000
8915.96000000
38294.74654500
8915.09000000
9198.98000000
8466.00000000
8701.70000000
70676.88925900
8701.72000000
8746.99000000
8521.28000000
8642.35000000
38896.63974600
8642.35000000
8789.00000000
8488.00000000
8736.03000000
36494.68765900
8736.04000000
8818.00000000
8590.00000000
8682.36000000
29080.55713800
8682.77000000
8691.81000000
8306.39000000
8404.52000000
48165.94459700
8404.52000000
8528.02000000
8238.00000000
8439.00000000
41687.52952900
8438.99000000
8451.26000000
8254.90000000
8340.58000000
25521.15793200
8340.01000000
8618.13000000
8293.66000000
8615.00000000
31130.48516400
8614.39000000
9000.00000000
8535.00000000
8907.57000000
53973.54299600
8907.57000000
9400.00000000
8862.40000000
9374.21000000
74584.85376500
9375.34000000
9449.24000000
9216.00000000
9301.53000000
53864.06512200
9301.57000000
9578.00000000
9204.44000000
9513.21000000
60626.74425900
9511.52000000
9530.22000000
9210.01000000
9352.89000000
45552.02235200
9351.71000000
9464.53000000
9281.00000000
9384.61000000
28578.06735400
9384.41000000
9477.03000000
9120.00000000
9331.51000000
45690.91254000
9331.59000000
9618.79000000
9234.00000000
9292.24000000
50892.13345100
9291.35000000
9350.00000000
9093.01000000
9197.02000000
53308.17526600
9197.02000000
9744.45000000
9177.22000000
9612.04000000
64870.41561500
9612.03000000
9862.57000000
9526.35000000
9772.00000000
64949.70658800
9772.00000000
9885.00000000
9730.00000000
9813.73000000
43966.11463200
9813.87000000
9940.00000000
9667.11000000
9895.05000000
43600.84366600
9895.04000000
10166.00000000
9880.75000000
10151.75000000
43408.47561600
10151.72000000
10188.00000000
9756.00000000
9851.83000000
59573.08461900
9851.74000000
10323.59000000
9700.00000000
10223.08000000
62422.39522400
10223.08000000
10450.00000000
10223.08000000
10326.46000000
61008.06393000
10325.33000000
10500.00000000
10080.00000000
10229.63000000
79344.35875900
10227.78000000
10381.56000000
10111.37000000
10344.36000000
47038.48017300
10344.36000000
10375.00000000
9801.00000000
9904.72000000
57657.20294700
9904.46000000
10050.00000000
9638.12000000
9917.27000000
60023.99953700
9910.70000000
9964.16000000
9452.67000000
9706.00000000
70261.01190100
9706.00000000
10250.00000000
9576.01000000
10164.71000000
70604.12401900
10164.78000000
10250.00000000
9350.00000000
9593.79000000
55162.58689500
9594.65000000
9699.00000000
9400.00000000
9596.42000000
60152.34291400
9597.21000000
9755.51000000
9550.21000000
9677.05000000
42181.55452400
9677.05000000
9709.17000000
9560.02000000
9650.86000000
24636.75762300
9650.85000000
9990.00000000
9645.00000000
9936.40000000
37702.08984300
9936.40000000
9990.00000000
9473.56000000
9656.13000000
55796.59612000
9655.52000000
9675.00000000
9250.00000000
9315.84000000
54379.34455200
9316.48000000
9377.44000000
8633.63000000
8785.25000000
92130.34548200
8786.00000000
8971.77000000
8531.00000000
8823.21000000
72483.57876200
8823.25000000
8900.00000000
8445.00000000
8692.91000000
71155.20897700
8690.80000000
8790.00000000
8523.55000000
8523.61000000
36748.18303500
8523.61000000
8750.00000000
8411.00000000
8531.88000000
43892.20177900
8530.30000000
8965.75000000
8498.00000000
8915.24000000
60401.31773000
8911.18000000
8919.65000000
8651.00000000
8760.07000000
55154.99728200
8760.07000000
8848.29000000
8660.00000000
8750.87000000
38696.48257800
8750.99000000
9159.42000000
8746.54000000
9054.68000000
58201.86635500
9054.64000000
9170.00000000
8985.50000000
9131.88000000
43782.94804400
9130.89000000
9188.00000000
8835.00000000
8886.66000000
45422.20452500
8885.25000000
8886.76000000
8000.00000000
8033.31000000
77537.31516600
8034.76000000
8179.31000000
7632.01000000
7929.87000000
116968.86326800
7929.87000000
8149.00000000
7728.01000000
7894.56000000
86783.44387500
7894.57000000
7980.00000000
7590.00000000
7934.52000000
79942.41117200
7934.58000000
7966.17000000
4410.00000000
4800.00000000
261505.60865300
