9895.04000000
10166.00000000
9880.75000000
10151.75000000
43408.47561600
10151.72000000
10188.00000000
9756.00000000
9851.83000000
59573.08461900
9851.74000000
10323.59000000
9700.00000000
10223.08000000
62422.39522400
10223.08000000
10450.00000000
10223.08000000
10326.46000000
61008.06393000
10325.33000000
10500.00000000
10080.00000000
10229.63000000
79344.35875900
10227.78000000
10381.56000000
10111.37000000
10344.36000000
47038.48017300
10344.36000000
10375.00000000
9801.00000000
9904.72000000
57657.20294700
9904.46000000
10050.00000000
9638.12000000
9917.27000000
60023.99953700
9910.70000000
9964.16000000
9452.67000000
9706.00000000
70261.01190100
9706.00000000
10250.00000000
9576.01000000
10164.71000000
70604.12401900
10164.78000000
10250.00000000
9350.00000000
9593.79000000
55162.58689500
9594.65000000
9699.00000000
9400.00000000
9596.42000000
60152.34291400
9597.21000000
9755.51000000
9550.21000000
9677.05000000
42181.55452400
9677.05000000
9709.17000000
9560.02000000
9650.86000000
24636.75762300
9650.85000000
9990.00000000
9645.00000000
9936.40000000
37702.08984300
9936.40000000
9990.00000000
9473.56000000
9656.13000000
55796.59612000
9655.52000000
9675.00000000
9250.00000000
9315.84000000
54379.34455200
9316.48000000
9377.44000000
8633.63000000
8785.25000000
92130.34548200
8786.00000000
8971.77000000
8531.00000000
8823.21000000
72483.57876200
8823.25000000
8900.00000000
8445.00000000
8692.91000000
71155.20897700
8690.80000000
8790.00000000
8523.55000000
8523.61000000
36748.18303500
8523.61000000
8750.00000000
8411.00000000
8531.88000000
43892.20177900
8530.30000000
8965.75000000
8498.00000000
8915.24000000
60401.31773000
8911.18000000
8919.65000000
8651.00000000
8760.07000000
55154.99728200
8760.07000000
8848.29000000
8660.00000000
8750.87000000
38696.48257800
8750.99000000
9159.42000000
8746.54000000
9054.68000000
58201.86635500
9054.64000000
9170.00000000
8985.50000000
9131.88000000
43782.94804400
9130.89000000
9188.00000000
8835.00000000
8886.66000000
45422.20452500
8885.25000000
8886.76000000
8000.00000000
8033.31000000
77537.31516600
8034.76000000
8179.31000000
7632.01000000
7929.87000000
116968.86326800
7929.87000000
8149.00000000
7728.01000000
7894.56000000
86783.44387500
7894.57000000
7980.00000000
7590.00000000
7934.52000000
79942.41117200
7934.58000000
7966.17000000
4410.00000000
4800.00000000
261505.60865300
4800.01000000
5955.00000000
3782.13000000
5578.60000000
402201.67376400
5576.05000000
5640.52000000
5055.13000000
5172.06000000
136910.13597400
5172.48000000
5940.00000000
5093.10000000
5361.30000000
139916.14653400
5360.33000000
5365.42000000
4442.12000000
5028.97000000
227276.92276000
5028.86000000
5525.00000000
4921.45000000
5312.64000000
150089.92631800
5312.64000000
5436.17000000
5009.37000000
5393.04000000
137127.63489400
5393.26000000
6400.00000000
5252.53000000
6162.37000000
199020.87343900
6162.05000000
6900.00000000
5670.00000000
6208.36000000
219298.32951400
6204.57000000
6456.98000000
5860.02000000
6186.98000000
128913.66836300
6187.04000000
6407.87000000
5734.01000000
5816.19000000
119115.99052700
5816.05000000
6600.00000000
5688.00000000
6467.31000000
164674.21578500
6465.25000000
6833.00000000
6371.33000000
6744.72000000
151138.00987800
6744.69000000
6957.96000000
6450.00000000
6677.43000000
132155.73498900
6677.42000000
6780.00000000
6510.00000000
6737.36000000
83026.55521100
6737.27000000
6842.59000000
6261.00000000
6359.11000000
82914.96835400
6359.11000000
6360.00000000
6024.00000000
6236.65000000
93159.69342900
6236.65000000
6266.00000000
5866.56000000
5881.42000000
63311.62771400
5880.50000000
6599.00000000
5857.76000000
6394.38000000
118889.54999200
6394.45000000
6523.23000000
6321.40000000
6410.44000000
72337.59525900
6412.14000000
6679.94000000
6150.11000000
6642.92000000
97500.75240000
6643.36000000
7198.00000000
6551.00000000
6794.09000000
149299.90687100
6793.86000000
7048.00000000
6602.10000000
6734.10000000
104080.27693900
6732.97000000
6990.41000000
6650.01000000
6856.99000000
72990.86113900
6857.41000000
6895.54000000
6677.52000000
6772.78000000
49685.35698300
6772.78000000
7355.14000000
6765.00000000
7329.90000000
118052.00083200
7329.90000000
7459.69000000
7077.00000000
7197.32000000
103585.16891800
7197.32000000
7420.00000000
7150.00000000
7361.28000000
76059.14583800
7360.26000000
7371.92000000
7108.08000000
7283.54000000
61094.87241700
7283.54000000
7295.75000000
6739.98000000
6858.92000000
104674.62337500
6858.92000000
6944.30000000
6760.00000000
6876.83000000
45470.29320600
6876.84000000
7177.00000000
6780.00000000
6903.79000000
73868.66650100
6903.79000000
6903.79000000
6575.00000000
6837.91000000
96415.47657300
6838.04000000
6978.00000000
6754.28000000
6868.70000000
69068.62328500
6868.57000000
6933.00000000
6605.00000000
6621.24000000
61571.38499400
6621.25000000
7190.00000000
6468.27000000
7101.94000000
125009.85753900
7101.99000000
7148.12000000
6972.98000000
7027.55000000
54126.50976300
7026.78000000
7293.08000000
7014.40000000
7248.60000000
49488.54281900
7248.60000000
7266.15000000
7055.60000000
7120.74000000
45664.86393000
7121.40000000
7220.00000000
6751.00000000
6826.83000000
90149.49137000
6828.98000000
6940.00000000
6762.00000000
6841.37000000
60109.71080800
6841.36000000
7156.38000000
6818.00000000
7125.14000000
61486.37733400
7125.12000000
7738.00000000
7020.00000000
7482.39000000
102773.56956100
7483.96000000
7615.96000000
7388.00000000
7505.00000000
60182.11993900
7505.00000000
7705.00000000
7431.07000000
7538.67000000
43874.42772600
7539.03000000
7700.00000000
7480.00000000
7693.10000000
50522.61620900
7693.10000000
7792.02000000
7606.00000000
7774.62000000
65441.33957600
7773.51000000
7780.00000000
7659.12000000
7738.98000000
46302.75263800
7738.58000000
8952.89000000
7710.05000000
8778.57000000
183546.88751400
8778.58000000
9460.00000000
8401.00000000
8620.00000000
206277.21412400
8620.00000000
9059.18000000
8613.56000000
8826.96000000
91468.81505900
8825.67000000
9010.00000000
8753.00000000
8972.05000000
59002.08755000
8972.58000000
9200.00000000
8712.00000000
8894.16000000
90126.06564300
8894.15000000
8950.00000000
8522.00000000
8871.96000000
84418.51233100
8871.92000000
9118.58000000
8760.00000000
9021.83000000
76480.76534200
9021.36000000
9395.00000000
8906.21000000
9142.92000000
105925.30242000
9143.40000000
10067.00000000
9021.00000000
9986.40000000
147154.61137800
9986.30000000
10035.96000000
9705.00000000
9800.01000000
100683.79640000
9800.02000000
9914.25000000
9520.00000000
9539.40000000
81950.67956700
9539.10000000
9574.83000000
8117.00000000
8722.77000000
183865.18202800
8722.77000000
9168.00000000
8200.00000000
8561.52000000
168807.25183200
8562.04000000
8978.26000000
8528.78000000
8810.79000000
86522.78006600
8810.99000000
9398.00000000
8792.99000000
9309.37000000
92466.27401800
9309.35000000
9939.00000000
9256.76000000
9791.98000000
129565.37747000
9791.97000000
9845.62000000
9150.00000000
9316.42000000
115890.76151600
9315.96000000
9588.00000000
9220.00000000
9381.27000000
59587.62786200
9380.81000000
9888.00000000
9322.10000000
9680.04000000
68647.76432300
9681.11000000
9950.00000000
9464.23000000
9733.93000000
82006.60358300
9733.93000000
9897.21000000
9474.00000000
9775.53000000
78539.76045400
9775.13000000
9842.00000000
9326.00000000
9511.43000000
74923.73809000
9511.43000000
9578.47000000
8815.00000000
9068.65000000
108928.78096900
9067.51000000
9271.00000000
8933.52000000
9170.00000000
58943.13102400
9170.00000000
9307.85000000
9070.00000000
9179.15000000
43526.29696600
9179.01000000
9298.00000000
8700.00000000
8720.34000000
70379.86645000
8718.14000000
8979.66000000
8642.72000000
8900.35000000
62833.91094900
8900.35000000
9017.67000000
8700.00000000
8841.18000000
58299.77013800
8841.00000000
9225.00000000
8811.73000000
9204.07000000
68910.35551400
9204.07000000
9625.47000000
9110.00000000
9575.89000000
74110.78766200
9575.87000000
9605.26000000
9330.00000000
9427.07000000
57374.36296100
9426.60000000
9740.00000000
9331.23000000
9697.72000000
55665.27254000
9697.72000000
9700.00000000
9381.41000000
9448.27000000
48333.78640300
9448.27000000
10380.00000000
9421.67000000
10200.77000000
76649.12696000
10202.71000000
10228.99000000
9266.00000000
9518.04000000
108970.77315100
9518.02000000
9690.00000000
9365.21000000
9666.24000000
46252.64493900
9666.32000000
9881.63000000
9450.00000000
9789.06000000
57456.10096900
9788.14000000
9854.75000000
9581.00000000
9621.16000000
47788.05005000
9621.17000000
9735.00000000
9531.05000000
9666.30000000
32752.95089300
9666.85000000
9802.00000000
9372.46000000
9746.99000000
57952.84838500
9746.99000000
9800.00000000
9633.00000000
9782.01000000
40664.66412500
9782.00000000
9877.00000000
9570.00000000
9772.43000000
46024.00128900
9772.44000000
9992.72000000
9704.18000000
9885.00000000
47130.76298200
9885.22000000
9964.00000000
9113.00000000
9280.40000000
94418.98473000
9278.88000000
9557.12000000
9232.51000000
9465.13000000
50119.06693200
9464.96000000
9494.73000000
9351.00000000
9473.34000000
27759.78485100
9473.34000000
9480.99000000
9245.00000000
9342.10000000
30055.50660800
9342.10000000
9495.00000000
8910.45000000
9426.02000000
86107.92470700
9426.05000000
9589.00000000
9373.09000000
9525.59000000
52052.44692700
9526.97000000
9565.00000000
9236.61000000
9465.14000000
48046.41115200
