7329.90000000
7459.69000000
7077.00000000
7197.32000000
103585.16891800
7197.32000000
7420.00000000
7150.00000000
7361.28000000
76059.14583800
7360.26000000
7371.92000000
7108.08000000
7283.54000000
61094.87241700
7283.54000000
7295.75000000
6739.98000000
6858.92000000
104674.62337500
6858.92000000
6944.30000000
6760.00000000
6876.83000000
45470.29320600
6876.84000000
7177.00000000
6780.00000000
6903.79000000
73868.66650100
6903.79000000
6903.79000000
6575.00000000
6837.91000000
96415.47657300
6838.04000000
6978.00000000
6754.28000000
6868.70000000
69068.62328500
6868.57000000
6933.00000000
6605.00000000
6621.24000000
61571.38499400
6621.25000000
7190.00000000
6468.27000000
7101.94000000
125009.85753900
7101.99000000
7148.12000000
6972.98000000
7027.55000000
54126.50976300
7026.78000000
7293.08000000
7014.40000000
7248.60000000
49488.54281900
7248.60000000
7266.15000000
7055.60000000
7120.74000000
45664.86393000
7121.40000000
7220.00000000
6751.00000000
6826.83000000
90149.49137000
6828.98000000
6940.00000000
6762.00000000
6841.37000000
60109.71080800
6841.36000000
7156.38000000
6818.00000000
7125.14000000
61486.37733400
7125.12000000
7738.00000000
7020.00000000
7482.39000000
102773.56956100
7483.96000000
7615.96000000
7388.00000000
7505.00000000
60182.11993900
7505.00000000
7705.00000000
7431.07000000
7538.67000000
43874.42772600
7539.03000000
7700.00000000
7480.00000000
7693.10000000
50522.61620900
7693.10000000
7792.02000000
7606.00000000
7774.62000000
65441.33957600
7773.51000000
7780.00000000
7659.12000000
7738.98000000
46302.75263800
7738.58000000
8952.89000000
7710.05000000
8778.57000000
183546.88751400
8778.58000000
9460.00000000
8401.00000000
8620.00000000
206277.21412400
8620.00000000
9059.18000000
8613.56000000
8826.96000000
91468.81505900
8825.67000000
9010.00000000
8753.00000000
8972.05000000
59002.08755000
8972.58000000
9200.00000000
8712.00000000
8894.16000000
90126.06564300
8894.15000000
8950.00000000
8522.00000000
8871.96000000
84418.51233100
8871.92000000
9118.58000000
8760.00000000
9021.83000000
76480.76534200
9021.36000000
9395.00000000
8906.21000000
9142.92000000
105925.30242000
9143.40000000
10067.00000000
9021.00000000
9986.40000000
147154.61137800
9986.30000000
10035.96000000
9705.00000000
9800.01000000
100683.79640000
9800.02000000
9914.25000000
9520.00000000
9539.40000000
81950.67956700
9539.10000000
9574.83000000
8117.00000000
8722.77000000
183865.18202800
8722.77000000
9168.00000000
8200.00000000
8561.52000000
168807.25183200
8562.04000000
8978.26000000
8528.78000000
8810.79000000
86522.78006600
8810.99000000
9398.00000000
8792.99000000
9309.37000000
92466.27401800
9309.35000000
9939.00000000
9256.76000000
9791.98000000
129565.37747000
9791.97000000
9845.62000000
9150.00000000
9316.42000000
115890.76151600
9315.96000000
9588.00000000
9220.00000000
9381.27000000
59587.62786200
9380.81000000
9888.00000000
9322.10000000
9680.04000000
68647.76432300
9681.11000000
9950.00000000
9464.23000000
9733.93000000
82006.60358300
9733.93000000
9897.21000000
9474.00000000
9775.53000000
78539.76045400
9775.13000000
9842.00000000
9326.00000000
9511.43000000
74923.73809000
9511.43000000
9578.47000000
8815.00000000
9068.65000000
108928.78096900
9067.51000000
9271.00000000
8933.52000000
9170.00000000
58943.13102400
9170.00000000
9307.85000000
9070.00000000
9179.15000000
43526.29696600
9179.01000000
9298.00000000
8700.00000000
8720.34000000
70379.86645000
8718.14000000
8979.66000000
8642.72000000
8900.35000000
62833.91094900
8900.35000000
9017.67000000
8700.00000000
8841.18000000
58299.77013800
8841.00000000
9225.00000000
8811.73000000
9204.07000000
68910.35551400
9204.07000000
9625.47000000
9110.00000000
9575.89000000
74110.78766200
9575.87000000
9605.26000000
9330.00000000
9427.07000000
57374.36296100
9426.60000000
9740.00000000
9331.23000000
9697.72000000
55665.27254000
9697.72000000
9700.00000000
9381.41000000
9448.27000000
48333.78640300
9448.27000000
10380.00000000
9421.67000000
10200.77000000
76649.12696000
10202.71000000
10228.99000000
9266.00000000
9518.04000000
108970.77315100
9518.02000000
9690.00000000
9365.21000000
9666.24000000
46252.64493900
9666.32000000
9881.63000000
9450.00000000
9789.06000000
57456.10096900
9788.14000000
9854.75000000
9581.00000000
9621.16000000
47788.05005000
9621.17000000
9735.00000000
9531.05000000
9666.30000000
32752.95089300
9666.85000000
9802.00000000
9372.46000000
9746.99000000
57952.84838500
9746.99000000
9800.00000000
9633.00000000
9782.01000000
40664.66412500
9782.00000000
9877.00000000
9570.00000000
9772.43000000
46024.00128900
9772.44000000
9992.72000000
9704.18000000
9885.00000000
47130.76298200
9885.22000000
9964.00000000
9113.00000000
9280.40000000
94418.98473000
9278.88000000
9557.12000000
9232.51000000
9465.13000000
50119.06693200
9464.96000000
9494.73000000
9351.00000000
9473.34000000
27759.78485100
9473.34000000
9480.99000000
9245.00000000
9342.10000000
30055.50660800
9342.10000000
9495.00000000
8910.45000000
9426.02000000
86107.92470700
9426.05000000
9589.00000000
9373.09000000
9525.59000000
52052.44692700
9526.97000000
9565.00000000
9236.61000000
9465.14000000
48046.41115200
9465.13000000
9489.00000000
9280.00000000
9386.32000000
37381.95376500
9386.32000000
9438.30000000
9215.79000000
9310.23000000
45330.98367300
9310.23000000
9395.00000000
9170.95000000
9358.95000000
30329.06538400
9358.95000000
9422.00000000
9281.54000000
9294.69000000
24316.92623400
9294.69000000
9780.00000000
9277.09000000
9685.69000000
57895.46834300
9685.69000000
9720.00000000
9577.03000000
9624.89000000
41031.02938000
9624.33000000
9670.00000000
9208.00000000
9296.49000000
61571.56146400
9298.33000000
9340.00000000
9009.69000000
9249.49000000
55831.61915600
9249.49000000
9298.00000000
9045.45000000
9162.21000000
50292.29827700
9162.21000000
9196.24000000
8833.00000000
9012.00000000
46290.93011300
9012.00000000
9191.00000000
8948.06000000
9116.35000000
30688.17642100
9116.16000000
9238.00000000
9024.67000000
9192.56000000
42120.29326100
9192.93000000
9205.00000000
9064.89000000
9138.55000000
31463.16280100
9138.08000000
9292.00000000
9080.10000000
9232.00000000
38488.52869900
9231.99000000
9261.96000000
8940.00000000
9086.54000000
45725.16807600
9086.54000000
9125.00000000
9037.47000000
9058.26000000
28943.42017700
9057.79000000
9190.00000000
9040.04000000
9135.46000000
26441.96848400
9135.00000000
9145.24000000
8893.03000000
9069.41000000
34073.65362700
9069.41000000
9375.00000000
9055.92000000
9344.20000000
54463.13227700
9342.47000000
9379.42000000
9203.00000000
9257.39000000
34587.33667800
9257.40000000
9470.00000000
9231.00000000
9436.06000000
56140.51778100
9436.06000000
9440.79000000
9160.00000000
9232.43000000
48044.45064500
9232.42000000
9317.48000000
9125.00000000
9288.34000000
38295.49400600
9288.34000000
9299.28000000
9178.25000000
9234.03000000
22561.36600000
9234.02000000
9345.00000000
9157.50000000
9302.75000000
30872.70228600
9303.31000000
9343.82000000
9200.89000000
9242.62000000
42740.06911500
9242.61000000
9279.54000000
9113.00000000
9255.85000000
45772.55250900
9255.85000000
9276.49000000
9160.57000000
9197.60000000
39053.57966500
9197.60000000
9226.15000000
9047.25000000
9133.72000000
43375.57119100
9133.72000000
9186.83000000
9089.81000000
9154.32000000
28054.35874100
9154.31000000
9219.30000000
9121.10000000
9170.28000000
22554.54145700
9170.30000000
9232.27000000
9101.35000000
9208.99000000
26052.01941700
9208.99000000
9221.52000000
9131.00000000
9160.78000000
35458.76408200
9160.78000000
9437.73000000
9152.80000000
9390.00000000
60413.58248600
9390.00000000
9544.00000000
9261.00000000
9518.16000000
48815.00410700
9518.16000000
9664.00000000
9440.33000000
9603.27000000
51856.23350000
9603.27000000
9637.00000000
9463.44000000
9537.80000000
43931.13620500
9538.10000000
9732.90000000
9513.00000000
9700.42000000
40679.54541600
9700.42000000
10111.00000000
9650.00000000
9931.54000000
65279.26931900
9931.54000000
11394.86000000
9917.21000000
11029.96000000
150188.93314400
11029.96000000
11242.23000000
10565.00000000
10906.27000000
97267.73418700
10906.27000000
11342.82000000
10812.00000000
11100.53000000
76838.09423300
11100.52000000
11170.00000000
10831.00000000
11099.61000000
60794.82645600
11099.79000000
11444.00000000
10960.00000000
11335.46000000
70063.66097400
11335.46000000
11861.00000000
11220.00000000
11801.17000000
85087.48512600
11801.17000000
12123.46000000
10518.50000000
11071.35000000
97553.07760400
11071.36000000
11473.00000000
10936.00000000
11219.81000000
56931.84147500
11219.68000000
11414.98000000
11000.00000000
11191.97000000
58629.11370900
11191.99000000
11780.93000000
11093.00000000
11744.91000000
74970.25685200
11744.91000000
11900.00000000
11562.50000000
11762.46000000
63529.08502000
11762.47000000
11909.94000000
11322.00000000
11594.23000000
65755.92602200
11594.36000000
11808.27000000
11512.00000000
11761.41000000
41858.16104000
11761.02000000
11797.11000000
11521.97000000
11681.68000000
41493.06734200
11681.69000000
12067.35000000
11450.00000000
11892.92000000
84952.33788700
11892.90000000
11935.00000000
11125.00000000
11392.08000000
90748.28463400
11392.09000000
11617.52000000
11150.00000000
11564.33000000
64909.61364400
11564.34000000
11792.96000000
11270.36000000
11780.00000000
70132.49150200
11779.77000000
11850.00000000
11634.03000000
11760.54000000
59818.85269700
