11191.99000000
11780.93000000
11093.00000000
11744.91000000
74970.25685200
11744.91000000
11900.00000000
11562.50000000
11762.46000000
63529.08502000
11762.47000000
11909.94000000
11322.00000000
11594.23000000
65755.92602200
11594.36000000
11808.27000000
11512.00000000
11761.41000000
41858.16104000
11761.02000000
11797.11000000
11521.97000000
11681.68000000
41493.06734200
11681.69000000
12067.35000000
11450.00000000
11892.92000000
84952.33788700
11892.90000000
11935.00000000
11125.00000000
11392.08000000
90748.28463400
11392.09000000
11617.52000000
11150.00000000
11564.33000000
64909.61364400
11564.34000000
11792.96000000
11270.36000000
11780.00000000
70132.49150200
11779.77000000
11850.00000000
11634.03000000
11760.54000000
59818.85269700
11760.55000000
11980.00000000
11680.00000000
11852.40000000
56237.90505000
11852.40000000
11931.72000000
11686.00000000
11911.00000000
41368.23690600
11910.99000000
12468.00000000
11769.78000000
12281.13000000
84734.21154000
12281.15000000
12387.77000000
11817.93000000
11945.01000000
75923.83552700
11945.10000000
12020.08000000
11561.00000000
11754.59000000
73940.16960600
11754.38000000
11888.00000000
11668.00000000
11853.55000000
46085.25435100
11853.54000000
11878.00000000
11485.81000000
11531.34000000
64448.30614200
11531.23000000
11686.00000000
11376.81000000
11662.96000000
43678.70164600
11663.51000000
11718.07000000
11514.13000000
11648.13000000
37900.00469000
11648.12000000
11824.90000000
11585.09000000
11748.20000000
46212.39186700
11748.19000000
11767.85000000
11117.64000000
11318.42000000
69590.92327200
11318.42000000
11539.32000000
11244.00000000
11461.43000000
53998.23123100
11461.42000000
11592.20000000
11125.00000000
11330.38000000
63246.03638300
11330.38000000
11542.65000000
11276.89000000
11526.91000000
45953.90836500
11526.90000000
11580.02000000
11417.04000000
11465.84000000
32973.79920000
11465.84000000
11719.00000000
11458.00000000
11711.16000000
43177.87905400
11711.17000000
11800.77000000
11570.00000000
11649.51000000
55353.61774400
11649.51000000
12050.85000000
11515.00000000
11921.97000000
78148.19366800
11921.97000000
11954.57000000
11160.10000000
11388.54000000
87221.84560200
11388.54000000
11462.60000000
9960.80000000
10140.85000000
121950.10601500
10138.29000000
10627.05000000
9875.50000000
10446.25000000
92733.59911300
10446.25000000
10565.68000000
9825.00000000
10166.69000000
90001.60556800
10166.69000000
10347.14000000
9994.86000000
10256.20000000
56368.78881500
10255.89000000
10410.75000000
9875.00000000
10373.44000000
62620.23067600
10373.45000000
10438.00000000
9850.00000000
10126.65000000
73491.87841800
10126.66000000
10343.00000000
9981.01000000
10219.20000000
49347.11377600
10219.29000000
10483.35000000
10070.83000000
10336.87000000
58253.75375000
10336.86000000
10397.60000000
10200.00000000
10387.89000000
43830.25446700
10387.89000000
10477.97000000
10269.25000000
10440.92000000
35379.15309600
10440.67000000
10580.11000000
10200.00000000
10332.83000000
43837.60986500
10332.84000000
10750.00000000
10212.34000000
10671.77000000
67059.29136100
10671.77000000
10930.04000000
10606.48000000
10785.31000000
61822.45278600
10785.23000000
11093.00000000
10661.22000000
10954.01000000
64991.51244000
10954.01000000
11045.46000000
10745.83000000
10939.99000000
55601.61452900
10940.00000000
11038.03000000
10812.84000000
10933.39000000
47266.72827500
10933.40000000
11179.79000000
10887.37000000
11080.65000000
38440.03685800
11080.64000000
11080.64000000
10723.00000000
10920.28000000
39157.92256500
10920.28000000
10988.86000000
10296.35000000
10417.22000000
70683.43117900
10417.22000000
10572.71000000
10353.00000000
10529.61000000
43991.23547600
10529.61000000
10537.15000000
10136.82000000
10241.46000000
51876.56807900
10241.46000000
10795.24000000
10190.93000000
10736.32000000
57676.61942700
10736.33000000
10760.53000000
10556.24000000
10686.67000000
48101.11700800
10686.57000000
10820.94000000
10644.68000000
10728.60000000
28420.83665900
10728.59000000
10799.00000000
10594.82000000
10774.25000000
30549.48325300
10774.26000000
10950.00000000
10626.00000000
10696.12000000
50095.25173400
10696.11000000
10867.54000000
10635.87000000
10840.48000000
41874.89839900
10840.58000000
10849.34000000
10665.13000000
10776.59000000
39596.02732200
10776.59000000
10920.00000000
10437.00000000
10619.13000000
60866.33289300
10619.13000000
10664.64000000
10374.00000000
10570.40000000
50130.39370500
10570.40000000
10603.56000000
10496.46000000
10542.06000000
22298.22134100
10542.07000000
10696.87000000
10517.87000000
10666.63000000
23212.00159500
10666.62000000
10798.00000000
10615.64000000
10792.21000000
34025.76165300
10792.20000000
10800.00000000
10525.00000000
10599.66000000
48674.74047100
10599.65000000
10681.87000000
10546.17000000
10666.39000000
32811.99027900
10666.40000000
10950.00000000
10530.41000000
10925.57000000
51959.69157200
10925.44000000
11104.64000000
10829.00000000
11050.64000000
48240.07323700
11050.64000000
11491.00000000
11050.51000000
11293.22000000
43648.03694300
11293.22000000
11445.00000000
11221.00000000
11369.02000000
29043.85133900
11369.02000000
11720.01000000
11172.00000000
11528.25000000
52825.28371000
11528.24000000
11557.00000000
11300.00000000
11420.56000000
42205.28370900
11420.57000000
11547.98000000
11280.00000000
11417.89000000
41415.10601500
11417.89000000
11617.34000000
11250.83000000
11505.12000000
48760.71767900
11505.13000000
11541.15000000
11200.00000000
11319.32000000
48797.74950200
11319.24000000
11402.42000000
11255.00000000
11360.20000000
22368.91524100
11360.31000000
11505.00000000
11346.22000000
11503.14000000
23284.04119100
11503.14000000
11823.99000000
11407.96000000
11751.47000000
47414.53469200
11751.46000000
12038.38000000
11677.59000000
11909.99000000
62134.75066300
11910.00000000
13217.68000000
11886.95000000
12780.96000000
114584.45676700
12780.75000000
13185.00000000
12678.08000000
12968.52000000
70038.82414400
12968.84000000
13027.69000000
12720.08000000
12923.07000000
50386.99984100
12923.06000000
13166.73000000
12870.00000000
13111.73000000
35952.20907000
13111.73000000
13350.00000000
12888.00000000
13028.83000000
38481.57950400
13029.64000000
13238.81000000
12765.00000000
13052.19000000
60951.67298600
13052.15000000
13789.29000000
13019.87000000
13636.17000000
80796.55399600
13636.16000000
13859.48000000
12888.00000000
13266.40000000
94440.56122600
13266.40000000
13642.91000000
12920.77000000
13455.70000000
74872.60213200
13455.69000000
13669.98000000
13115.00000000
13560.10000000
70657.77888100
13560.10000000
14100.00000000
13411.50000000
13791.00000000
67339.23851500
13791.00000000
13895.00000000
13603.00000000
13761.50000000
36285.64852600
13761.49000000
13830.00000000
13195.05000000
13549.37000000
64566.42190800
13549.63000000
14066.11000000
13284.99000000
14023.53000000
74115.63078700
14023.53000000
14259.00000000
13525.00000000
14144.01000000
93016.98826200
14144.01000000
15750.00000000
14093.56000000
15590.02000000
143741.52267300
15590.02000000
15960.00000000
15166.00000000
15579.92000000
122618.19769500
15579.93000000
15753.52000000
14344.22000000
14818.30000000
101431.20655300
14818.30000000
15650.00000000
14703.88000000
15475.10000000
65547.17857400
15475.10000000
15840.00000000
14805.54000000
15328.41000000
108976.33413400
15328.41000000
15460.00000000
15072.46000000
15297.21000000
61681.91960600
15297.21000000
15965.00000000
15272.68000000
15684.24000000
78469.74645800
15684.25000000
16340.70000000
15440.64000000
16291.86000000
102196.35659200
16291.85000000
16480.00000000
15952.35000000
16320.70000000
75691.88101400
16320.04000000
16326.99000000
15670.00000000
16070.45000000
59116.34717900
16069.56000000
16180.00000000
15774.72000000
15957.00000000
43596.84151300
15957.00000000
16880.00000000
15864.00000000
16713.57000000
81300.67592400
16713.08000000
17858.82000000
16538.00000000
17659.38000000
115221.40310200
17659.38000000
18476.93000000
17214.45000000
17776.12000000
149019.78813400
17777.75000000
18179.80000000
17335.65000000
17802.82000000
93009.56100800
17802.81000000
18815.22000000
17740.04000000
18655.67000000
88423.01848900
18655.66000000
18965.90000000
18308.58000000
18703.80000000
75577.45839400
18703.80000000
18750.00000000
17610.86000000
18414.43000000
81645.73777800
18413.88000000
18766.00000000
18000.00000000
18368.00000000
82961.50609300
18368.01000000
19418.97000000
18018.00000000
19160.01000000
113581.50924100
19160.00000000
19484.21000000
18500.27000000
18719.11000000
93266.57688700
18718.83000000
18915.03000000
16188.00000000
17149.47000000
181005.24669300
17149.47000000
17457.62000000
16438.08000000
17139.52000000
85297.02478700
17139.53000000
17880.49000000
16865.56000000
17719.85000000
64910.69997000
17719.84000000
18360.05000000
17517.00000000
18184.99000000
55329.01630300
18185.00000000
19863.16000000
18184.99000000
19695.87000000
115463.46688800
19695.87000000
19888.00000000
18001.12000000
18764.96000000
127698.76265200
18764.96000000
19342.00000000
18330.00000000
19204.09000000
75911.01347800
19204.08000000
19598.00000000
18867.20000000
19421.90000000
66689.39127900
19422.34000000
19527.00000000
18565.31000000
18650.52000000
71283.66820000
18650.51000000
19177.00000000
18500.00000000
19147.66000000
42922.74857300
19147.66000000
19420.00000000
18857.00000000
19359.40000000
37043.09186100
19358.67000000
19420.91000000
18902.88000000
19166.90000000
41372.29629300
19166.90000000
19294.84000000
18200.00000000
18324.11000000
61626.94761400
18324.11000000
18639.57000000
17650.00000000
18541.28000000
79585.55380100
18541.29000000
18557.32000000
17911.12000000
18254.63000000
52890.67509400
18254.81000000
18292.73000000
17572.33000000
18036.53000000
72610.72425900
18036.53000000
18948.66000000
18020.70000000
18808.69000000
49519.97843200
