10686.57000000
10820.94000000
10644.68000000
10728.60000000
28420.83665900
10728.59000000
10799.00000000
10594.82000000
10774.25000000
30549.48325300
10774.26000000
10950.00000000
10626.00000000
10696.12000000
50095.25173400
10696.11000000
10867.54000000
10635.87000000
10840.48000000
41874.89839900
10840.58000000
10849.34000000
10665.13000000
10776.59000000
39596.02732200
10776.59000000
10920.00000000
10437.00000000
10619.13000000
60866.33289300
10619.13000000
10664.64000000
10374.00000000
10570.40000000
50130.39370500
10570.40000000
10603.56000000
10496.46000000
10542.06000000
22298.22134100
10542.07000000
10696.87000000
10517.87000000
10666.63000000
23212.00159500
10666.62000000
10798.00000000
10615.64000000
10792.21000000
34025.76165300
10792.20000000
10800.00000000
10525.00000000
10599.66000000
48674.74047100
10599.65000000
10681.87000000
10546.17000000
10666.39000000
32811.99027900
10666.40000000
10950.00000000
10530.41000000
10925.57000000
51959.69157200
10925.44000000
11104.64000000
10829.00000000
11050.64000000
48240.07323700
11050.64000000
11491.00000000
11050.51000000
11293.22000000
43648.03694300
11293.22000000
11445.00000000
11221.00000000
11369.02000000
29043.85133900
11369.02000000
11720.01000000
11172.00000000
11528.25000000
52825.28371000
11528.24000000
11557.00000000
11300.00000000
11420.56000000
42205.28370900
11420.57000000
11547.98000000
11280.00000000
11417.89000000
41415.10601500
11417.89000000
11617.34000000
11250.83000000
11505.12000000
48760.71767900
11505.13000000
11541.15000000
11200.00000000
11319.32000000
48797.74950200
11319.24000000
11402.42000000
11255.00000000
11360.20000000
22368.91524100
11360.31000000
11505.00000000
11346.22000000
11503.14000000
23284.04119100
11503.14000000
11823.99000000
11407.96000000
11751.47000000
47414.53469200
11751.46000000
12038.38000000
11677.59000000
11909.99000000
62134.75066300
11910.00000000
13217.68000000
11886.95000000
12780.96000000
114584.45676700
12780.75000000
13185.00000000
12678.08000000
12968.52000000
70038.82414400
12968.84000000
13027.69000000
12720.08000000
12923.07000000
50386.99984100
12923.06000000
13166.73000000
12870.00000000
13111.73000000
35952.20907000
13111.73000000
13350.00000000
12888.00000000
13028.83000000
38481.57950400
13029.64000000
13238.81000000
12765.00000000
13052.19000000
60951.67298600
13052.15000000
13789.29000000
13019.87000000
13636.17000000
80796.55399600
13636.16000000
13859.48000000
12888.00000000
13266.40000000
94440.56122600
13266.40000000
13642.91000000
12920.77000000
13455.70000000
74872.60213200
13455.69000000
13669.98000000
13115.00000000
13560.10000000
70657.77888100
13560.10000000
14100.00000000
13411.50000000
13791.00000000
67339.23851500
13791.00000000
13895.00000000
13603.00000000
13761.50000000
36285.64852600
13761.49000000
13830.00000000
13195.05000000
13549.37000000
64566.42190800
13549.63000000
14066.11000000
13284.99000000
14023.53000000
74115.63078700
14023.53000000
14259.00000000
13525.00000000
14144.01000000
93016.98826200
14144.01000000
15750.00000000
14093.56000000
15590.02000000
143741.52267300
15590.02000000
15960.00000000
15166.00000000
15579.92000000
122618.19769500
15579.93000000
15753.52000000
14344.22000000
14818.30000000
101431.20655300
14818.30000000
15650.00000000
14703.88000000
15475.10000000
65547.17857400
15475.10000000
15840.00000000
14805.54000000
15328.41000000
108976.33413400
15328.41000000
15460.00000000
15072.46000000
15297.21000000
61681.91960600
15297.21000000
15965.00000000
15272.68000000
15684.24000000
78469.74645800
15684.25000000
16340.70000000
15440.64000000
16291.86000000
102196.35659200
16291.85000000
16480.00000000
15952.35000000
16320.70000000
75691.88101400
16320.04000000
16326.99000000
15670.00000000
16070.45000000
59116.34717900
16069.56000000
16180.00000000
15774.72000000
15957.00000000
43596.84151300
15957.00000000
16880.00000000
15864.00000000
16713.57000000
81300.67592400
16713.08000000
17858.82000000
16538.00000000
17659.38000000
115221.40310200
17659.38000000
18476.93000000
17214.45000000
17776.12000000
149019.78813400
17777.75000000
18179.80000000
17335.65000000
17802.82000000
93009.56100800
17802.81000000
18815.22000000
17740.04000000
18655.67000000
88423.01848900
18655.66000000
18965.90000000
18308.58000000
18703.80000000
75577.45839400
18703.80000000
18750.00000000
17610.86000000
18414.43000000
81645.73777800
18413.88000000
18766.00000000
18000.00000000
18368.00000000
82961.50609300
18368.01000000
19418.97000000
18018.00000000
19160.01000000
113581.50924100
19160.00000000
19484.21000000
18500.27000000
18719.11000000
93266.57688700
18718.83000000
18915.03000000
16188.00000000
17149.47000000
181005.24669300
17149.47000000
17457.62000000
16438.08000000
17139.52000000
85297.02478700
17139.53000000
17880.49000000
16865.56000000
17719.85000000
64910.69997000
17719.84000000
18360.05000000
17517.00000000
18184.99000000
55329.01630300
18185.00000000
19863.16000000
18184.99000000
19695.87000000
115463.46688800
19695.87000000
19888.00000000
18001.12000000
18764.96000000
127698.76265200
18764.96000000
19342.00000000
18330.00000000
19204.09000000
75911.01347800
19204.08000000
19598.00000000
18867.20000000
19421.90000000
66689.39127900
19422.34000000
19527.00000000
18565.31000000
18650.52000000
71283.66820000
18650.51000000
19177.00000000
18500.00000000
19147.66000000
42922.74857300
19147.66000000
19420.00000000
18857.00000000
19359.40000000
37043.09186100
19358.67000000
19420.91000000
18902.88000000
19166.90000000
41372.29629300
19166.90000000
19294.84000000
18200.00000000
18324.11000000
61626.94761400
18324.11000000
18639.57000000
17650.00000000
18541.28000000
79585.55380100
18541.29000000
18557.32000000
17911.12000000
18254.63000000
52890.67509400
18254.81000000
18292.73000000
17572.33000000
18036.53000000
72610.72425900
18036.53000000
18948.66000000
18020.70000000
18808.69000000
49519.97843200
18808.69000000
19411.00000000
18711.12000000
19174.99000000
56560.82174400
19174.99000000
19349.00000000
19000.00000000
19273.14000000
47257.20129400
19273.69000000
19570.00000000
19050.00000000
19426.43000000
61834.36601100
19426.43000000
21560.00000000
19278.60000000
21335.52000000
114306.33557000
21335.52000000
23800.00000000
21230.00000000
22797.16000000
184882.47674800
22797.15000000
23285.18000000
22350.00000000
23107.39000000
79646.13431500
23107.39000000
24171.47000000
22750.00000000
23821.61000000
86045.06467700
23821.60000000
24295.00000000
23060.00000000
23455.52000000
76690.14568500
23455.54000000
24102.77000000
21815.00000000
22719.71000000
88030.29724300
22719.88000000
23837.10000000
22353.40000000
23810.79000000
87033.12616000
23810.79000000
24100.00000000
22600.00000000
23232.76000000
119047.25973300
23232.39000000
23794.43000000
22703.42000000
23729.20000000
69013.83425200
23728.99000000
24789.86000000
23433.60000000
24712.47000000
79519.94356900
24712.47000000
26867.03000000
24500.00000000
26493.39000000
97806.51338600
26493.40000000
28422.00000000
25700.00000000
26281.66000000
148455.58621400
26281.54000000
27500.00000000
26101.00000000
27079.41000000
79721.74249600
27079.42000000
27410.00000000
25880.00000000
27385.00000000
69411.59260600
27385.00000000
28996.00000000
27320.00000000
28875.54000000
95356.05782600
28875.55000000
29300.00000000
27850.00000000
28923.63000000
75508.50515200
28923.63000000
29600.00000000
28624.57000000
29331.69000000
54182.92501100
29331.70000000
33300.00000000
28946.53000000
32178.33000000
129993.87336200
32176.45000000
34778.11000000
31962.99000000
33000.05000000
120957.56675000
33000.05000000
33600.00000000
28130.00000000
31988.71000000
140899.88569000
31989.75000000
34360.00000000
29900.00000000
33949.53000000
116049.99703800
33949.53000000
36939.21000000
33288.00000000
36769.36000000
127139.20131000
36769.36000000
40365.00000000
36300.00000000
39432.28000000
132825.70043700
39432.48000000
41950.00000000
36500.00000000
40582.81000000
139789.95749900
40586.96000000
41380.00000000
38720.00000000
40088.22000000
75785.97967500
40088.22000000
41350.00000000
35111.11000000
38150.02000000
118209.54450300
38150.02000000
38264.74000000
30420.00000000
35404.47000000
249131.53994300
35410.37000000
36628.00000000
32531.00000000
34051.24000000
133948.15199600
34049.15000000
37850.00000000
32380.00000000
37371.38000000
124477.91493800
37371.38000000
40100.00000000
36701.23000000
39144.50000000
102950.38942100
39145.21000000
39747.76000000
34408.00000000
36742.22000000
118300.92091600
36737.43000000
37950.00000000
35357.80000000
35994.98000000
86348.43150800
35994.98000000
36852.50000000
33850.00000000
35828.61000000
80157.72738400
35824.99000000
37469.83000000
34800.00000000
36631.27000000
70698.11875000
36622.46000000
37850.00000000
35844.06000000
35891.49000000
79611.30776900
35901.94000000
36415.31000000
33400.00000000
35468.23000000
89368.42291800
35468.23000000
35600.00000000
30071.00000000
30850.13000000
131803.18292600
30851.99000000
33826.53000000
28850.00000000
32945.17000000
142971.68404900
32950.00000000
33456.00000000
31390.16000000
32078.00000000
64595.28767500
32078.00000000
33071.00000000
30900.00000000
32259.90000000
57978.03796600
32259.45000000
34875.00000000
31910.00000000
32254.20000000
88499.22692100
32254.19000000
32921.88000000
30837.37000000
32467.77000000
84972.20691000
32464.01000000
32557.29000000
29241.72000000
30366.15000000
95911.96171100
30362.19000000
33783.98000000
29842.10000000
33364.86000000
92621.14561700
33368.18000000
38531.90000000
31915.40000000
34252.20000000
231827.00562600
34246.28000000
34933.00000000
32825.00000000
34262.88000000
84889.68134000
34262.89000000
34342.69000000
32171.67000000
33092.98000000
68742.28038400
33092.97000000
34717.27000000
32296.16000000
33526.37000000
82718.27688200
33517.09000000
35984.33000000
33418.00000000
35466.24000000
78056.65988000
