57051.95000000
58492.85000000
56388.00000000
58202.01000000
41314.08197300
58202.01000000
59272.00000000
56777.77000000
59129.99000000
54258.01579000
59129.99000000
59495.24000000
57413.02000000
57991.15000000
54201.00072700
57990.03000000
58655.00000000
55473.00000000
55953.45000000
71228.40565900
55953.44000000
58153.31000000
55700.00000000
58077.52000000
44283.14701900
58077.52000000
58894.90000000
57654.00000000
58142.54000000
40831.88491100
58142.55000000
61500.00000000
57900.01000000
59769.13000000
69906.42411700
59769.13000000
60699.00000000
59232.52000000
60002.43000000
41156.71539100
59998.80000000
61300.00000000
59350.59000000
59860.00000000
56375.03711700
59860.01000000
63777.77000000
59805.15000000
63575.00000000
82848.68874600
63575.01000000
64854.00000000
61301.00000000
62959.53000000
82616.34399300
62959.53000000
63800.00000000
62020.00000000
63159.98000000
51649.70034000
63158.74000000
63520.61000000
60000.00000000
61334.80000000
91764.13988400
61334.81000000
62506.05000000
59580.91000000
60006.66000000
58912.25612800
60006.67000000
60499.00000000
50931.30000000
56150.01000000
124882.13182400
56150.01000000
57526.81000000
54221.58000000
55633.14000000
78229.04226700
55633.14000000
57076.24000000
53329.96000000
56425.00000000
72744.48215100
56425.00000000
56757.91000000
53536.02000000
53787.63000000
66984.75690900
53787.62000000
55521.48000000
50500.00000000
51690.96000000
104656.63133700
51690.95000000
52131.85000000
47500.00000000
51125.14000000
132230.78071900
51110.56000000
51166.22000000
48657.14000000
50047.84000000
55361.51257300
50047.84000000
50567.91000000
46930.00000000
49066.77000000
58255.64500400
49066.76000000
54356.62000000
48753.44000000
54001.39000000
86310.80212400
54001.38000000
55460.00000000
53222.00000000
55011.97000000
54064.03467500
55011.97000000
56428.00000000
53813.16000000
54846.22000000
55130.45901500
54846.23000000
55195.84000000
52330.94000000
53555.00000000
52486.01945500
53555.00000000
57963.00000000
53013.01000000
57694.27000000
68578.91004500
57697.25000000
58458.07000000
56956.14000000
57800.37000000
42600.35183600
57797.35000000
57911.02000000
56035.25000000
56578.21000000
36812.87886300
56578.21000000
58981.44000000
56435.00000000
57169.39000000
57649.93128600
57169.39000000
57200.00000000
53046.69000000
53200.01000000
85324.62590300
53205.05000000
58069.82000000
52900.00000000
57436.11000000
77263.92343900
57436.11000000
58360.00000000
55200.00000000
56393.68000000
70181.67190800
56393.68000000
58650.00000000
55241.63000000
57314.75000000
74542.74782900
57315.49000000
59500.00000000
56900.00000000
58862.05000000
69709.90602800
58866.53000000
59300.00000000
56235.66000000
58240.84000000
69806.11991000
58240.83000000
59500.00000000
53400.00000000
55816.14000000
89586.34925000
55816.14000000
56862.43000000
54370.00000000
56670.02000000
64329.54055000
56670.02000000
58000.01000000
48600.00000000
49631.32000000
99842.78983600
49537.15000000
51367.19000000
46000.00000000
49670.97000000
147332.00212100
49671.92000000
51483.00000000
48799.75000000
49841.45000000
80082.20430600
49844.16000000
50700.00000000
46555.00000000
46762.99000000
89437.44935900
46762.99000000
49795.89000000
43825.39000000
46431.50000000
114269.81277500
46426.83000000
46686.00000000
42001.00000000
43538.04000000
166657.17273600
43538.02000000
45799.29000000
42250.02000000
42849.78000000
116979.86078400
42849.78000000
43584.90000000
30000.00000000
36690.09000000
354347.24316100
36671.23000000
42451.67000000
34850.00000000
40526.64000000
203017.59692300
40525.39000000
42200.00000000
33488.00000000
37252.01000000
202100.88825800
37263.35000000
38829.00000000
35200.62000000
37449.73000000
126542.24368900
37458.51000000
38270.64000000
31111.01000000
34655.25000000
217136.04659300
34681.44000000
39920.00000000
34031.00000000
38796.29000000
161630.89397100
38810.99000000
39791.77000000
36419.62000000
38324.72000000
111996.22840400
38324.72000000
40841.00000000
37800.44000000
39241.91000000
104780.77339600
39241.92000000
40411.14000000
37134.27000000
38529.98000000
86547.15879400
38529.99000000
38877.83000000
34684.00000000
35663.49000000
135377.62972000
35661.79000000
37338.58000000
33632.76000000
34605.15000000
112663.09268900
34605.15000000
36488.00000000
33379.00000000
35641.27000000
73535.38696700
35641.26000000
37499.00000000
34153.84000000
37253.81000000
94160.73528900
37253.82000000
37894.81000000
35666.00000000
36693.09000000
81234.66377000
36694.85000000
38225.00000000
35920.00000000
37568.68000000
67587.37249500
37568.68000000
39476.00000000
37170.00000000
39246.79000000
75889.10601100
39246.78000000
39289.07000000
35555.15000000
36829.00000000
91317.79924500
36829.15000000
37925.00000000
34800.00000000
35513.20000000
70459.62149000
35516.07000000
36480.00000000
35222.00000000
35796.31000000
47650.20663700
35796.31000000
36900.00000000
33300.00000000
33552.79000000
77574.95257300
33556.96000000
34068.01000000
31000.00000000
33380.81000000
123251.18903700
33380.80000000
37534.79000000
32396.82000000
37388.05000000
136607.59751700
37388.05000000
38491.00000000
35782.00000000
36675.72000000
109527.28494300
36677.83000000
37680.40000000
35936.77000000
37331.98000000
78466.00530000
37331.98000000
37463.63000000
34600.36000000
35546.11000000
87717.54999000
35546.12000000
39380.00000000
34757.00000000
39020.57000000
86921.02555500
39020.56000000
41064.05000000
38730.00000000
40516.29000000
108522.39194900
40516.28000000
41330.00000000
39506.40000000
40144.04000000
80679.62283800
40143.80000000
40527.14000000
38116.01000000
38349.01000000
87771.97693700
38349.00000000
39559.88000000
37365.00000000
38092.97000000
79541.30711900
38092.97000000
38202.84000000
35129.29000000
35819.84000000
95228.04293500
35820.48000000
36457.00000000
34803.52000000
35483.72000000
68712.44946100
35483.72000000
36137.72000000
33336.00000000
35600.16000000
89878.17085000
35600.17000000
35750.00000000
31251.23000000
31608.93000000
168778.87315900
31614.12000000
33298.78000000
28805.00000000
32509.56000000
204208.17976200
32509.56000000
34881.00000000
31683.00000000
33678.07000000
126966.10056300
33675.07000000
35298.00000000
32286.57000000
34663.09000000
86625.80426000
34663.08000000
35500.00000000
31275.00000000
31584.45000000
116061.13035600
31576.09000000
32730.00000000
30151.00000000
32283.65000000
107820.37528700
32283.65000000
34749.00000000
31973.45000000
34700.34000000
96613.24421100
34702.49000000
35297.71000000
33862.72000000
34494.89000000
82222.26781900
34494.89000000
36600.00000000
34225.43000000
35911.73000000
90788.79622000
35911.72000000
36100.00000000
34017.55000000
35045.00000000
77152.19763400
35045.00000000
35057.57000000
32711.00000000
33504.69000000
71708.26611200
33502.33000000
33977.04000000
32699.00000000
33786.55000000
56172.18137800
33786.54000000
34945.61000000
33316.73000000
34669.13000000
43044.57864100
34669.12000000
35967.85000000
34357.15000000
35286.51000000
43703.47578900
35288.13000000
35293.78000000
33125.55000000
33690.14000000
64123.87424500
33690.15000000
35118.88000000
33532.00000000
34220.01000000
58210.59634900
34220.02000000
35059.09000000
33777.77000000
33862.12000000
53807.52167500
33862.11000000
33929.64000000
32077.00000000
32875.71000000
70136.48032000
32875.71000000
34100.00000000
32261.07000000
33815.81000000
47153.93989900
33815.81000000
34262.00000000
33004.78000000
33502.87000000
34761.17546800
33502.87000000
34666.00000000
33306.47000000
34258.99000000
31572.64744800
34259.00000000
34678.43000000
32658.34000000
33086.63000000
48181.40376200
33086.94000000
33340.00000000
32202.25000000
32729.77000000
41126.36100800
32729.12000000
33114.03000000
31550.00000000
32820.02000000
46777.82348400
32820.03000000
33185.25000000
31133.00000000
31880.00000000
51639.57635300
31874.49000000
32249.18000000
31020.00000000
31383.87000000
48499.86415400
31383.86000000
31955.92000000
31164.31000000
31520.07000000
34012.24213200
31520.07000000
32435.00000000
31108.97000000
31778.56000000
35923.71618600
31778.57000000
31899.00000000
30407.44000000
30839.65000000
47340.46849900
30839.65000000
31063.07000000
29278.00000000
29790.35000000
61034.04901700
29790.34000000
32858.00000000
29482.61000000
32144.51000000
82796.26512800
32144.51000000
32591.35000000
31708.00000000
32287.83000000
46148.09243300
32287.58000000
33650.00000000
31924.32000000
33634.09000000
50112.86362600
33634.10000000
34500.00000000
33401.14000000
34258.14000000
47977.55013800
34261.51000000
35398.00000000
33851.12000000
35381.02000000
47852.92831300
35381.02000000
40550.00000000
35205.78000000
37237.60000000
152452.51272400
37241.33000000
39542.61000000
36383.00000000
39457.87000000
88397.26701500
39456.61000000
40900.00000000
38772.00000000
40019.56000000
101344.52844100
40019.57000000
40640.00000000
39200.00000000
40016.48000000
53998.43928300
40018.49000000
42316.71000000
38313.23000000
42206.37000000
73602.78480500
42206.36000000
42448.00000000
41000.15000000
41461.83000000
44849.79101200
41461.84000000
42599.00000000
39422.01000000
39845.44000000
53953.18632600
39850.27000000
40480.01000000
38690.00000000
39147.82000000
50837.35195400
39146.86000000
39780.00000000
37642.03000000
38207.05000000
57117.43585300
38207.04000000
39969.66000000
37508.56000000
39723.18000000
52329.35243000
39723.17000000
41350.00000000
37332.70000000
40862.46000000
84343.75562100
40862.46000000
43392.43000000
39853.86000000
42836.87000000
75753.94134700
42836.87000000
44700.00000000
42446.41000000
44572.54000000
73396.74080800
44572.54000000
45310.00000000
43261.00000000
43794.37000000
69329.09269800
43794.36000000
46454.15000000
42779.00000000
46253.40000000
74587.88484500
46248.87000000
46700.00000000
44589.46000000
45584.99000000
53814.64342100
45585.00000000
46743.47000000
45341.14000000
45511.00000000
52734.90197700
