40516.28000000
41330.00000000
39506.40000000
40144.04000000
80679.62283800
40143.80000000
40527.14000000
38116.01000000
38349.01000000
87771.97693700
38349.00000000
39559.88000000
37365.00000000
38092.97000000
79541.30711900
38092.97000000
38202.84000000
35129.29000000
35819.84000000
95228.04293500
35820.48000000
36457.00000000
34803.52000000
35483.72000000
68712.44946100
35483.72000000
36137.72000000
33336.00000000
35600.16000000
89878.17085000
35600.17000000
35750.00000000
31251.23000000
31608.93000000
168778.87315900
31614.12000000
33298.78000000
28805.00000000
32509.56000000
204208.17976200
32509.56000000
34881.00000000
31683.00000000
33678.07000000
126966.10056300
33675.07000000
35298.00000000
32286.57000000
34663.09000000
86625.80426000
34663.08000000
35500.00000000
31275.00000000
31584.45000000
116061.13035600
31576.09000000
32730.00000000
30151.00000000
32283.65000000
107820.37528700
32283.65000000
34749.00000000
31973.45000000
34700.34000000
96613.24421100
34702.49000000
35297.71000000
33862.72000000
34494.89000000
82222.26781900
34494.89000000
36600.00000000
34225.43000000
35911.73000000
90788.79622000
35911.72000000
36100.00000000
34017.55000000
35045.00000000
77152.19763400
35045.00000000
35057.57000000
32711.00000000
33504.69000000
71708.26611200
33502.33000000
33977.04000000
32699.00000000
33786.55000000
56172.18137800
33786.54000000
34945.61000000
33316.73000000
34669.13000000
43044.57864100
34669.12000000
35967.85000000
34357.15000000
35286.51000000
43703.47578900
35288.13000000
35293.78000000
33125.55000000
33690.14000000
64123.87424500
33690.15000000
35118.88000000
33532.00000000
34220.01000000
58210.59634900
34220.02000000
35059.09000000
33777.77000000
33862.12000000
53807.52167500
33862.11000000
33929.64000000
32077.00000000
32875.71000000
70136.48032000
32875.71000000
34100.00000000
32261.07000000
33815.81000000
47153.93989900
33815.81000000
34262.00000000
33004.78000000
33502.87000000
34761.17546800
33502.87000000
34666.00000000
33306.47000000
34258.99000000
31572.64744800
34259.00000000
34678.43000000
32658.34000000
33086.63000000
48181.40376200
33086.94000000
33340.00000000
32202.25000000
32729.77000000
41126.36100800
32729.12000000
33114.03000000
31550.00000000
32820.02000000
46777.82348400
32820.03000000
33185.25000000
31133.00000000
31880.00000000
51639.57635300
31874.49000000
32249.18000000
31020.00000000
31383.87000000
48499.86415400
31383.86000000
31955.92000000
31164.31000000
31520.07000000
34012.24213200
31520.07000000
32435.00000000
31108.97000000
31778.56000000
35923.71618600
31778.57000000
31899.00000000
30407.44000000
30839.65000000
47340.46849900
30839.65000000
31063.07000000
29278.00000000
29790.35000000
61034.04901700
29790.34000000
32858.00000000
29482.61000000
32144.51000000
82796.26512800
32144.51000000
32591.35000000
31708.00000000
32287.83000000
46148.09243300
32287.58000000
33650.00000000
31924.32000000
33634.09000000
50112.86362600
33634.10000000
34500.00000000
33401.14000000
34258.14000000
47977.55013800
34261.51000000
35398.00000000
33851.12000000
35381.02000000
47852.92831300
35381.02000000
40550.00000000
35205.78000000
37237.60000000
152452.51272400
37241.33000000
39542.61000000
36383.00000000
39457.87000000
88397.26701500
39456.61000000
40900.00000000
38772.00000000
40019.56000000
101344.52844100
40019.57000000
40640.00000000
39200.00000000
40016.48000000
53998.43928300
40018.49000000
42316.71000000
38313.23000000
42206.37000000
73602.78480500
42206.36000000
42448.00000000
41000.15000000
41461.83000000
44849.79101200
41461.84000000
42599.00000000
39422.01000000
39845.44000000
53953.18632600
39850.27000000
40480.01000000
38690.00000000
39147.82000000
50837.35195400
39146.86000000
39780.00000000
37642.03000000
38207.05000000
57117.43585300
38207.04000000
39969.66000000
37508.56000000
39723.18000000
52329.35243000
39723.17000000
41350.00000000
37332.70000000
40862.46000000
84343.75562100
40862.46000000
43392.43000000
39853.86000000
42836.87000000
75753.94134700
42836.87000000
44700.00000000
42446.41000000
44572.54000000
73396.74080800
44572.54000000
45310.00000000
43261.00000000
43794.37000000
69329.09269800
43794.36000000
46454.15000000
42779.00000000
46253.40000000
74587.88484500
46248.87000000
46700.00000000
44589.46000000
45584.99000000
53814.64342100
45585.00000000
46743.47000000
45341.14000000
45511.00000000
52734.90197700
45510.67000000
46218.12000000
43770.00000000
44399.00000000
55266.10878100
44400.06000000
47886.00000000
44217.39000000
47800.00000000
48239.37043100
47799.99000000
48144.00000000
45971.03000000
47068.51000000
46114.35902200
47068.50000000
47372.27000000
45500.00000000
46973.82000000
42110.71133400
46973.82000000
48053.83000000
45660.00000000
45901.29000000
52480.57401400
45901.30000000
47160.00000000
44376.00000000
44695.95000000
57039.34162900
44695.95000000
46000.00000000
44203.28000000
44705.29000000
54099.41598500
44699.37000000
47033.00000000
43927.70000000
46760.62000000
53411.75392000
46760.62000000
49382.99000000
46622.99000000
49322.47000000
56850.35222800
49322.47000000
49757.04000000
48222.00000000
48821.87000000
46745.13658400
48821.88000000
49500.00000000
48050.00000000
49239.22000000
37007.88779500
49239.22000000
50500.00000000
49029.00000000
49488.85000000
52462.54195400
49488.85000000
49860.00000000
47600.00000000
47674.01000000
51014.59474800
47674.01000000
49264.30000000
47126.28000000
48973.32000000
44655.83034200
48973.32000000
49352.84000000
46250.00000000
46843.87000000
49371.27777400
46843.86000000
49149.93000000
46348.00000000
49069.90000000
42068.10496500
49069.90000000
49299.00000000
48346.88000000
48895.35000000
26681.06378600
48895.35000000
49632.27000000
47762.54000000
48767.83000000
32652.28347300
48767.84000000
48888.61000000
46853.00000000
46982.91000000
40288.35083000
46982.91000000
48246.11000000
46700.00000000
47100.89000000
48645.52737000
47100.89000000
49156.00000000
46512.00000000
48810.52000000
49904.65528000
48810.51000000
50450.13000000
48584.06000000
49246.64000000
54410.77053800
49246.63000000
51000.00000000
48316.84000000
49999.14000000
59025.64415700
49998.00000000
50535.69000000
49370.00000000
49915.64000000
34664.65959000
49917.54000000
51900.00000000
49450.00000000
51756.88000000
40544.83587300
51756.88000000
52780.00000000
50969.33000000
52663.90000000
49249.66708100
52666.20000000
52920.00000000
42843.05000000
46863.73000000
123048.80271900
46868.57000000
47340.99000000
44412.02000000
46048.31000000
65069.31520000
46048.31000000
47399.97000000
45513.08000000
46395.14000000
50651.66002000
46395.14000000
47033.00000000
44132.29000000
44850.91000000
49048.26618000
44842.20000000
45987.93000000
44722.22000000
45173.69000000
30440.40810000
45173.68000000
46460.00000000
44742.06000000
46025.24000000
32094.28052000
46025.23000000
46880.00000000
43370.00000000
44940.73000000
65429.15056000
44940.72000000
47250.00000000
44594.44000000
47111.52000000
44855.85099000
47103.28000000
48500.00000000
46682.32000000
48121.41000000
43204.71174000
48121.40000000
48557.00000000
47021.10000000
47737.82000000
40725.08895000
47737.81000000
48150.00000000
46699.56000000
47299.98000000
34461.92776000
47299.98000000
48843.20000000
47035.56000000
48292.74000000
30906.47038000
48292.75000000
48372.83000000
46829.18000000
47241.75000000
29847.24349000
47241.75000000
47347.25000000
42500.00000000
43015.62000000
78003.52444300
43016.64000000
43639.00000000
39600.00000000
40734.38000000
84534.08048500
40734.09000000
44000.55000000
40565.39000000
43543.61000000
58349.05542000
43546.37000000
44978.00000000
43069.09000000
44865.26000000
48699.57655000
44865.26000000
45200.00000000
40675.00000000
42810.57000000
84113.42629200
42810.58000000
42966.84000000
41646.28000000
42670.64000000
33594.57189000
42670.63000000
43950.00000000
40750.00000000
43160.90000000
49879.99765000
43160.90000000
44350.00000000
42098.00000000
42147.35000000
39776.84383000
42147.35000000
42787.38000000
40888.00000000
41026.54000000
43372.26240000
41025.01000000
42590.00000000
40753.88000000
41524.28000000
33511.53487000
41524.29000000
44141.37000000
41410.17000000
43824.10000000
46381.22781000
43820.01000000
48495.00000000
43283.03000000
48141.61000000
66244.87492000
48141.60000000
48336.59000000
47430.18000000
47634.90000000
30508.98131000
47634.89000000
49228.08000000
47088.00000000
48200.01000000
30825.05601000
48200.01000000
49536.12000000
46891.00000000
49224.94000000
46796.49372000
49224.93000000
51886.30000000
49022.40000000
51471.99000000
52125.66793000
51471.99000000
55750.00000000
50382.41000000
55315.00000000
79877.54518100
55315.00000000
55332.31000000
53357.00000000
53785.22000000
54917.37766000
53785.22000000
56100.00000000
53617.61000000
53951.43000000
46160.25785000
53955.67000000
55489.00000000
53661.67000000
54949.72000000
55177.08013000
54949.72000000
56561.31000000
54080.00000000
54659.00000000
89237.83612800
54659.01000000
57839.04000000
54415.06000000
57471.35000000
52933.16575100
57471.35000000
57680.00000000
53879.00000000
55996.93000000
53471.28550000
55996.91000000
57777.00000000
54167.19000000
57367.00000000
55808.44492000
57370.83000000
58532.54000000
56818.05000000
57347.94000000
43053.33678100
57347.94000000
62933.00000000
56850.00000000
61672.42000000
82512.90802200
61672.42000000
62378.42000000
60150.00000000
60875.57000000
35467.88096000
60875.57000000
61718.39000000
58963.00000000
61528.33000000
39099.24124000
61528.32000000
62695.78000000
59844.45000000
62009.84000000
51798.44844000
62005.60000000
64486.00000000
61322.22000000
64280.59000000
53628.10774400
64280.59000000
67000.00000000
63481.40000000
66001.41000000
51428.93485600
66001.40000000
66639.74000000
62000.00000000
62193.15000000
68538.64537000
62193.15000000
63732.39000000
60000.00000000
60688.22000000
52119.35886000
