30839.65000000
31063.07000000
29278.00000000
29790.35000000
61034.04901700
29790.34000000
32858.00000000
29482.61000000
32144.51000000
82796.26512800
32144.51000000
32591.35000000
31708.00000000
32287.83000000
46148.09243300
32287.58000000
33650.00000000
31924.32000000
33634.09000000
50112.86362600
33634.10000000
34500.00000000
33401.14000000
34258.14000000
47977.55013800
34261.51000000
35398.00000000
33851.12000000
35381.02000000
47852.92831300
35381.02000000
40550.00000000
35205.78000000
37237.60000000
152452.51272400
37241.33000000
39542.61000000
36383.00000000
39457.87000000
88397.26701500
39456.61000000
40900.00000000
38772.00000000
40019.56000000
101344.52844100
40019.57000000
40640.00000000
39200.00000000
40016.48000000
53998.43928300
40018.49000000
42316.71000000
38313.23000000
42206.37000000
73602.78480500
42206.36000000
42448.00000000
41000.15000000
41461.83000000
44849.79101200
41461.84000000
42599.00000000
39422.01000000
39845.44000000
53953.18632600
39850.27000000
40480.01000000
38690.00000000
39147.82000000
50837.35195400
39146.86000000
39780.00000000
37642.03000000
38207.05000000
57117.43585300
38207.04000000
39969.66000000
37508.56000000
39723.18000000
52329.35243000
39723.17000000
41350.00000000
37332.70000000
40862.46000000
84343.75562100
40862.46000000
43392.43000000
39853.86000000
42836.87000000
75753.94134700
42836.87000000
44700.00000000
42446.41000000
44572.54000000
73396.74080800
44572.54000000
45310.00000000
43261.00000000
43794.37000000
69329.09269800
43794.36000000
46454.15000000
42779.00000000
46253.40000000
74587.88484500
46248.87000000
46700.00000000
44589.46000000
45584.99000000
53814.64342100
45585.00000000
46743.47000000
45341.14000000
45511.00000000
52734.90197700
45510.67000000
46218.12000000
43770.00000000
44399.00000000
55266.10878100
44400.06000000
47886.00000000
44217.39000000
47800.00000000
48239.37043100
47799.99000000
48144.00000000
45971.03000000
47068.51000000
46114.35902200
47068.50000000
47372.27000000
45500.00000000
46973.82000000
42110.71133400
46973.82000000
48053.83000000
45660.00000000
45901.29000000
52480.57401400
45901.30000000
47160.00000000
44376.00000000
44695.95000000
57039.34162900
44695.95000000
46000.00000000
44203.28000000
44705.29000000
54099.41598500
44699.37000000
47033.00000000
43927.70000000
46760.62000000
53411.75392000
46760.62000000
49382.99000000
46622.99000000
49322.47000000
56850.35222800
49322.47000000
49757.04000000
48222.00000000
48821.87000000
46745.13658400
48821.88000000
49500.00000000
48050.00000000
49239.22000000
37007.88779500
49239.22000000
50500.00000000
49029.00000000
49488.85000000
52462.54195400
49488.85000000
49860.00000000
47600.00000000
47674.01000000
51014.59474800
47674.01000000
49264.30000000
47126.28000000
48973.32000000
44655.83034200
48973.32000000
49352.84000000
46250.00000000
46843.87000000
49371.27777400
46843.86000000
49149.93000000
46348.00000000
49069.90000000
42068.10496500
49069.90000000
49299.00000000
48346.88000000
48895.35000000
26681.06378600
48895.35000000
49632.27000000
47762.54000000
48767.83000000
32652.28347300
48767.84000000
48888.61000000
46853.00000000
46982.91000000
40288.35083000
46982.91000000
48246.11000000
46700.00000000
47100.89000000
48645.52737000
47100.89000000
49156.00000000
46512.00000000
48810.52000000
49904.65528000
48810.51000000
50450.13000000
48584.06000000
49246.64000000
54410.77053800
49246.63000000
51000.00000000
48316.84000000
49999.14000000
59025.64415700
49998.00000000
50535.69000000
49370.00000000
49915.64000000
34664.65959000
49917.54000000
51900.00000000
49450.00000000
51756.88000000
40544.83587300
51756.88000000
52780.00000000
50969.33000000
52663.90000000
49249.66708100
52666.20000000
52920.00000000
42843.05000000
46863.73000000
123048.80271900
46868.57000000
47340.99000000
44412.02000000
46048.31000000
65069.31520000
46048.31000000
47399.97000000
45513.08000000
46395.14000000
50651.66002000
46395.14000000
47033.00000000
44132.29000000
44850.91000000
49048.26618000
44842.20000000
45987.93000000
44722.22000000
45173.69000000
30440.40810000
45173.68000000
46460.00000000
44742.06000000
46025.24000000
32094.28052000
46025.23000000
46880.00000000
43370.00000000
44940.73000000
65429.15056000
44940.72000000
47250.00000000
44594.44000000
47111.52000000
44855.85099000
47103.28000000
48500.00000000
46682.32000000
48121.41000000
43204.71174000
48121.40000000
48557.00000000
47021.10000000
47737.82000000
40725.08895000
47737.81000000
48150.00000000
46699.56000000
47299.98000000
34461.92776000
47299.98000000
48843.20000000
47035.56000000
48292.74000000
30906.47038000
48292.75000000
48372.83000000
46829.18000000
47241.75000000
29847.24349000
47241.75000000
47347.25000000
42500.00000000
43015.62000000
78003.52444300
43016.64000000
43639.00000000
39600.00000000
40734.38000000
84534.08048500
40734.09000000
44000.55000000
40565.39000000
43543.61000000
58349.05542000
43546.37000000
44978.00000000
43069.09000000
44865.26000000
48699.57655000
44865.26000000
45200.00000000
40675.00000000
42810.57000000
84113.42629200
42810.58000000
42966.84000000
41646.28000000
42670.64000000
33594.57189000
42670.63000000
43950.00000000
40750.00000000
43160.90000000
49879.99765000
43160.90000000
44350.00000000
42098.00000000
42147.35000000
39776.84383000
42147.35000000
42787.38000000
40888.00000000
41026.54000000
43372.26240000
41025.01000000
42590.00000000
40753.88000000
41524.28000000
33511.53487000
41524.29000000
44141.37000000
41410.17000000
43824.10000000
46381.22781000
43820.01000000
48495.00000000
43283.03000000
48141.61000000
66244.87492000
48141.60000000
48336.59000000
47430.18000000
47634.90000000
30508.98131000
47634.89000000
49228.08000000
47088.00000000
48200.01000000
30825.05601000
48200.01000000
49536.12000000
46891.00000000
49224.94000000
46796.49372000
49224.93000000
51886.30000000
49022.40000000
51471.99000000
52125.66793000
51471.99000000
55750.00000000
50382.41000000
55315.00000000
79877.54518100
55315.00000000
55332.31000000
53357.00000000
53785.22000000
54917.37766000
53785.22000000
56100.00000000
53617.61000000
53951.43000000
46160.25785000
53955.67000000
55489.00000000
53661.67000000
54949.72000000
55177.08013000
54949.72000000
56561.31000000
54080.00000000
54659.00000000
89237.83612800
54659.01000000
57839.04000000
54415.06000000
57471.35000000
52933.16575100
57471.35000000
57680.00000000
53879.00000000
55996.93000000
53471.28550000
55996.91000000
57777.00000000
54167.19000000
57367.00000000
55808.44492000
57370.83000000
58532.54000000
56818.05000000
57347.94000000
43053.33678100
57347.94000000
62933.00000000
56850.00000000
61672.42000000
82512.90802200
61672.42000000
62378.42000000
60150.00000000
60875.57000000
35467.88096000
60875.57000000
61718.39000000
58963.00000000
61528.33000000
39099.24124000
61528.32000000
62695.78000000
59844.45000000
62009.84000000
51798.44844000
62005.60000000
64486.00000000
61322.22000000
64280.59000000
53628.10774400
64280.59000000
67000.00000000
63481.40000000
66001.41000000
51428.93485600
66001.40000000
66639.74000000
62000.00000000
62193.15000000
68538.64537000
62193.15000000
63732.39000000
60000.00000000
60688.22000000
52119.35886000
60688.23000000
61747.64000000
59562.15000000
61286.75000000
27626.93678000
61286.75000000
61500.00000000
59510.63000000
60852.22000000
31226.57676000
60852.22000000
63710.63000000
60650.00000000
63078.78000000
36853.83806000
63078.78000000
63293.48000000
59817.55000000
60328.81000000
40217.50083000
60328.81000000
61496.00000000
58000.00000000
58413.44000000
62124.49016000
58413.44000000
62499.00000000
57820.00000000
60575.89000000
61056.35301000
60575.90000000
62980.00000000
60174.81000000
62253.71000000
43973.90414000
62253.70000000
62359.25000000
60673.00000000
61859.19000000
31478.12566000
61859.19000000
62405.30000000
59945.36000000
61299.80000000
39267.63794000
61299.81000000
62437.74000000
59405.00000000
60911.11000000
44687.66672000
60911.12000000
64270.00000000
60624.68000000
63219.99000000
46368.28410000
63220.57000000
63500.00000000
60382.76000000
62896.48000000
43336.09049000
62896.49000000
63086.31000000
60677.01000000
61395.01000000
35930.93314000
61395.01000000
62595.72000000
60721.00000000
60937.12000000
31604.48749000
60940.18000000
61560.49000000
60050.00000000
61470.61000000
25590.57408000
61470.62000000
63286.35000000
61322.78000000
63273.59000000
25515.68830000
63273.58000000
67789.00000000
63273.58000000
67525.83000000
54442.09455400
67525.82000000
68524.25000000
66222.40000000
66947.66000000
44661.37806800
66947.67000000
69000.00000000
62822.90000000
64882.43000000
65171.50404600
64882.42000000
65600.07000000
64100.00000000
64774.26000000
37237.98058000
64774.25000000
65450.70000000
62278.00000000
64122.23000000
44490.10816000
64122.22000000
65000.00000000
63360.22000000
64380.00000000
22504.97383000
64380.01000000
65550.51000000
63576.27000000
65519.10000000
25705.07347000
65519.11000000
66401.82000000
63400.00000000
63606.74000000
37829.37124000
63606.73000000
63617.31000000
58574.07000000
60058.87000000
77455.15609000
60058.87000000
60840.23000000
58373.00000000
60344.87000000
46289.38491000
60344.86000000
60976.00000000
56474.26000000
56891.62000000
62146.99931000
56891.62000000
58320.00000000
55600.00000000
58052.24000000
50715.88726000
58057.10000000
59845.00000000
57353.00000000
59707.51000000
33811.59010000
59707.52000000
60029.76000000
58486.65000000
58622.02000000
31902.22785000
58617.70000000
59444.00000000
55610.00000000
56247.18000000
51724.32047000
56243.83000000
58009.99000000
55317.00000000
57541.27000000
49917.85017000
57541.26000000
57735.00000000
55837.00000000
57138.29000000
39612.04964000
57138.29000000
59398.90000000
57000.00000000
58960.36000000
42153.51522000
58960.37000000
59150.00000000
53500.00000000
53726.53000000
65927.87066000
